match_id,season,start_date,venue,innings,ball,actual_delivery,batting_team,bowling_team,striker,non_striker,bowler,runs_off_bat,extras,wides,noballs,byes,legbyes,penalty,non_boundary,wicket_type,player_dismissed,other_wicket_type,other_player_dismissed,fielder_1,fielder_2,fielder_3
1127670,2018,2018-09-24,"County Ground, New Road, Worcester",1,0.1,0.1,Worcestershire,Yorkshire,DKH Mitchell,TC Fell,BO Coad,0,0,,,,,,,,,,,,,
1127670,2018,2018-09-24,"County Ground, New Road, Worcester",1,0.2,0.2,Worcestershire,Yorkshire,DKH Mitchell,TC Fell,BO Coad,0,0,,,,,,,,,,,,,
1127670,2018,2018-09-24,"County Ground, New Road, Worcester",1,0.3,0.3,Worcestershire,Yorkshire,DKH Mitchell,TC Fell,BO Coad,0,0,,,,,,,,,,,,,
1127670,2018,2018-09-24,"County Ground, New Road, Worcester",1,0.4,0.4,Worcestershire,Yorkshire,DKH Mitchell,TC Fell,BO Coad,0,0,,,,,,,,,,,,,
1127670,2018,2018-09-24,"County Ground, New Road, Worcester",1,0.5,0.5,Worcestershire,Yorkshire,DKH Mitchell,TC Fell,BO Coad,0,0,,,,,,,,,,,,,
1127670,2018,2018-09-24,"County Ground, New Road, Worcester",1,0.6,0.6,Worcestershire,Yorkshire,DKH Mitchell,TC Fell,BO Coad,0,0,,,,,,,,,,,,,
1127670,2018,2018-09-24,"County Ground, New Road, Worcester",1,1.1,1.1,Worcestershire,Yorkshire,TC Fell,DKH Mitchell,JA Brooks,0,1,,,,1,,,,,,,,,
1127670,2018,2018-09-24,"County Ground, New Road, Worcester",1,1.2,1.2,Worcestershire,Yorkshire,DKH Mitchell,TC Fell,JA Brooks,0,0,,,,,,,,,,,,,
1127670,2018,2018-09-24,"County Ground, New Road, Worcester",1,1.3,1.3,Worcestershire,Yorkshire,DKH Mitchell,TC Fell,JA Brooks,0,0,,,,,,,,,,,,,
1127670,2018,2018-09-24,"County Ground, New Road, Worcester",1,1.4,1.4,Worcestershire,Yorkshire,DKH Mitchell,TC Fell,JA Brooks,0,0,,,,,,,,,,,,,
1127670,2018,2018-09-24,"County Ground, New Road, Worcester",1,1.5,1.5,Worcestershire,Yorkshire,DKH Mitchell,TC Fell,JA Brooks,0,0,,,,,,,,,,,,,
1127670,2018,2018-09-24,"County Ground, New Road, Worcester",1,1.6,1.6,Worcestershire,Yorkshire,DKH Mitchell,TC Fell,JA Brooks,0,0,,,,,,,,,,,,,
1127670,2018,2018-09-24,"County Ground, New Road, Worcester",1,2.1,2.1,Worcestershire,Yorkshire,TC Fell,DKH Mitchell,BO Coad,0,0,,,,,,,,,,,,,
1127670,2018,2018-09-24,"County Ground, New Road, Worcester",1,2.2,2.2,Worcestershire,Yorkshire,TC Fell,DKH Mitchell,BO Coad,0,0,,,,,,,,,,,,,
1127670,2018,2018-09-24,"County Ground, New Road, Worcester",1,2.3,2.3,Worcestershire,Yorkshire,TC Fell,DKH Mitchell,BO Coad,0,0,,,,,,,,,,,,,
1127670,2018,2018-09-24,"County Ground, New Road, Worcester",1,2.4,2.4,Worcestershire,Yorkshire,TC Fell,DKH Mitchell,BO Coad,0,0,,,,,,,,,,,,,
1127670,2018,2018-09-24,"County Ground, New Road, Worcester",1,2.5,2.5,Worcestershire,Yorkshire,TC Fell,DKH Mitchell,BO Coad,0,0,,,,,,,,,,,,,
1127670,2018,2018-09-24,"County Ground, New Road, Worcester",1,2.6,2.6,Worcestershire,Yorkshire,TC Fell,DKH Mitchell,BO Coad,0,0,,,,,,,,,,,,,
1127670,2018,2018-09-24,"County Ground, New Road, Worcester",1,3.1,3.1,Worcestershire,Yorkshire,DKH Mitchell,TC Fell,JA Brooks,0,0,,,,,,,,,,,,,
1127670,2018,2018-09-24,"County Ground, New Road, Worcester",1,3.2,3.2,Worcestershire,Yorkshire,DKH Mitchell,TC Fell,JA Brooks,0,0,,,,,,,,,,,,,
1127670,2018,2018-09-24,"County Ground, New Road, Worcester",1,3.3,3.3,Worcestershire,Yorkshire,DKH Mitchell,TC Fell,JA Brooks,0,0,,,,,,,,,,,,,
1127670,2018,2018-09-24,"County Ground, New Road, Worcester",1,3.4,3.4,Worcestershire,Yorkshire,DKH Mitchell,TC Fell,JA Brooks,0,0,,,,,,,,,,,,,
1127670,2018,2018-09-24,"County Ground, New Road, Worcester",1,3.5,3.5,Worcestershire,Yorkshire,DKH Mitchell,TC Fell,JA Brooks,0,0,,,,,,,,,,,,,
1127670,2018,2018-09-24,"County Ground, New Road, Worcester",1,3.6,3.6,Worcestershire,Yorkshire,DKH Mitchell,TC Fell,JA Brooks,1,0,,,,,,,,,,,,,
1127670,2018,2018-09-24,"County Ground, New Road, Worcester",1,4.1,4.1,Worcestershire,Yorkshire,DKH Mitchell,TC Fell,BO Coad,0,0,,,,,,,,,,,,,
1127670,2018,2018-09-24,"County Ground, New Road, Worcester",1,4.2,4.2,Worcestershire,Yorkshire,DKH Mitchell,TC Fell,BO Coad,0,0,,,,,,,,,,,,,
1127670,2018,2018-09-24,"County Ground, New Road, Worcester",1,4.3,4.3,Worcestershire,Yorkshire,DKH Mitchell,TC Fell,BO Coad,0,0,,,,,,,,,,,,,
1127670,2018,2018-09-24,"County Ground, New Road, Worcester",1,4.4,4.4,Worcestershire,Yorkshire,DKH Mitchell,TC Fell,BO Coad,0,0,,,,,,,,,,,,,
1127670,2018,2018-09-24,"County Ground, New Road, Worcester",1,4.5,4.5,Worcestershire,Yorkshire,DKH Mitchell,TC Fell,BO Coad,0,0,,,,,,,,,,,,,
1127670,2018,2018-09-24,"County Ground, New Road, Worcester",1,4.6,4.6,Worcestershire,Yorkshire,DKH Mitchell,TC Fell,BO Coad,0,0,,,,,,,,,,,,,
1127670,2018,2018-09-24,"County Ground, New Road, Worcester",1,5.1,5.1,Worcestershire,Yorkshire,TC Fell,DKH Mitchell,JA Brooks,2,0,,,,,,,,,,,,,
1127670,2018,2018-09-24,"County Ground, New Road, Worcester",1,5.2,5.2,Worcestershire,Yorkshire,TC Fell,DKH Mitchell,JA Brooks,0,0,,,,,,,,,,,,,
1127670,2018,2018-09-24,"County Ground, New Road, Worcester",1,5.3,5.3,Worcestershire,Yorkshire,TC Fell,DKH Mitchell,JA Brooks,4,0,,,,,,,,,,,,,
1127670,2018,2018-09-24,"County Ground, New Road, Worcester",1,5.4,5.4,Worcestershire,Yorkshire,TC Fell,DKH Mitchell,JA Brooks,1,0,,,,,,,,,,,,,
1127670,2018,2018-09-24,"County Ground, New Road, Worcester",1,5.5,5.5,Worcestershire,Yorkshire,DKH Mitchell,TC Fell,JA Brooks,0,0,,,,,,,,,,,,,
1127670,2018,2018-09-24,"County Ground, New Road, Worcester",1,5.6,5.6,Worcestershire,Yorkshire,DKH Mitchell,TC Fell,JA Brooks,0,0,,,,,,,,,,,,,
1127670,2018,2018-09-24,"County Ground, New Road, Worcester",1,6.1,6.1,Worcestershire,Yorkshire,TC Fell,DKH Mitchell,BO Coad,0,0,,,,,,,,,,,,,
1127670,2018,2018-09-24,"County Ground, New Road, Worcester",1,6.2,6.2,Worcestershire,Yorkshire,TC Fell,DKH Mitchell,BO Coad,0,0,,,,,,,,,,,,,
1127670,2018,2018-09-24,"County Ground, New Road, Worcester",1,6.3,6.3,Worcestershire,Yorkshire,TC Fell,DKH Mitchell,BO Coad,0,0,,,,,,,,,,,,,
1127670,2018,2018-09-24,"County Ground, New Road, Worcester",1,6.4,6.4,Worcestershire,Yorkshire,TC Fell,DKH Mitchell,BO Coad,2,0,,,,,,,,,,,,,
1127670,2018,2018-09-24,"County Ground, New Road, Worcester",1,6.5,6.5,Worcestershire,Yorkshire,TC Fell,DKH Mitchell,BO Coad,0,0,,,,,,,,,,,,,
1127670,2018,2018-09-24,"County Ground, New Road, Worcester",1,6.6,6.6,Worcestershire,Yorkshire,TC Fell,DKH Mitchell,BO Coad,0,0,,,,,,,,,,,,,
1127670,2018,2018-09-24,"County Ground, New Road, Worcester",1,7.1,7.1,Worcestershire,Yorkshire,DKH Mitchell,TC Fell,JA Brooks,0,0,,,,,,,,,,,,,
1127670,2018,2018-09-24,"County Ground, New Road, Worcester",1,7.2,7.2,Worcestershire,Yorkshire,DKH Mitchell,TC Fell,JA Brooks,0,0,,,,,,,,,,,,,
1127670,2018,2018-09-24,"County Ground, New Road, Worcester",1,7.3,7.3,Worcestershire,Yorkshire,DKH Mitchell,TC Fell,JA Brooks,0,0,,,,,,,,,,,,,
1127670,2018,2018-09-24,"County Ground, New Road, Worcester",1,7.4,7.4,Worcestershire,Yorkshire,DKH Mitchell,TC Fell,JA Brooks,0,0,,,,,,,,,,,,,
1127670,2018,2018-09-24,"County Ground, New Road, Worcester",1,7.5,7.5,Worcestershire,Yorkshire,DKH Mitchell,TC Fell,JA Brooks,0,0,,,,,,,,,,,,,
1127670,2018,2018-09-24,"County Ground, New Road, Worcester",1,7.6,7.6,Worcestershire,Yorkshire,DKH Mitchell,TC Fell,JA Brooks,0,0,,,,,,,,,,,,,
1127670,2018,2018-09-24,"County Ground, New Road, Worcester",1,8.1,8.1,Worcestershire,Yorkshire,TC Fell,DKH Mitchell,BO Coad,1,0,,,,,,,,,,,,,
1127670,2018,2018-09-24,"County Ground, New Road, Worcester",1,8.2,8.2,Worcestershire,Yorkshire,DKH Mitchell,TC Fell,BO Coad,1,0,,,,,,,,,,,,,
1127670,2018,2018-09-24,"County Ground, New Road, Worcester",1,8.3,8.3,Worcestershire,Yorkshire,TC Fell,DKH Mitchell,BO Coad,4,0,,,,,,,,,,,,,
1127670,2018,2018-09-24,"County Ground, New Road, Worcester",1,8.4,8.4,Worcestershire,Yorkshire,TC Fell,DKH Mitchell,BO Coad,1,0,,,,,,,,,,,,,
1127670,2018,2018-09-24,"County Ground, New Road, Worcester",1,8.5,8.5,Worcestershire,Yorkshire,DKH Mitchell,TC Fell,BO Coad,1,0,,,,,,,,,,,,,
1127670,2018,2018-09-24,"County Ground, New Road, Worcester",1,8.6,8.6,Worcestershire,Yorkshire,TC Fell,DKH Mitchell,BO Coad,0,0,,,,,,,,,,,,,
1127670,2018,2018-09-24,"County Ground, New Road, Worcester",1,9.1,9.1,Worcestershire,Yorkshire,DKH Mitchell,TC Fell,JA Brooks,0,0,,,,,,,,,,,,,
1127670,2018,2018-09-24,"County Ground, New Road, Worcester",1,9.2,9.2,Worcestershire,Yorkshire,DKH Mitchell,TC Fell,JA Brooks,0,0,,,,,,,,,,,,,
1127670,2018,2018-09-24,"County Ground, New Road, Worcester",1,9.3,9.3,Worcestershire,Yorkshire,DKH Mitchell,TC Fell,JA Brooks,0,0,,,,,,,,,,,,,
1127670,2018,2018-09-24,"County Ground, New Road, Worcester",1,9.4,9.4,Worcestershire,Yorkshire,DKH Mitchell,TC Fell,JA Brooks,0,0,,,,,,,,,,,,,
1127670,2018,2018-09-24,"County Ground, New Road, Worcester",1,9.5,9.5,Worcestershire,Yorkshire,DKH Mitchell,TC Fell,JA Brooks,2,0,,,,,,,,,,,,,
1127670,2018,2018-09-24,"County Ground, New Road, Worcester",1,9.6,9.6,Worcestershire,Yorkshire,DKH Mitchell,TC Fell,JA Brooks,0,0,,,,,,,,,,,,,
1127670,2018,2018-09-24,"County Ground, New Road, Worcester",1,10.1,10.1,Worcestershire,Yorkshire,TC Fell,DKH Mitchell,BO Coad,0,0,,,,,,,,,,,,,
1127670,2018,2018-09-24,"County Ground, New Road, Worcester",1,10.2,10.2,Worcestershire,Yorkshire,TC Fell,DKH Mitchell,BO Coad,0,0,,,,,,,,,,,,,
1127670,2018,2018-09-24,"County Ground, New Road, Worcester",1,10.3,10.3,Worcestershire,Yorkshire,TC Fell,DKH Mitchell,BO Coad,0,0,,,,,,,,,,,,,
1127670,2018,2018-09-24,"County Ground, New Road, Worcester",1,10.4,10.4,Worcestershire,Yorkshire,TC Fell,DKH Mitchell,BO Coad,1,0,,,,,,,,,,,,,
1127670,2018,2018-09-24,"County Ground, New Road, Worcester",1,10.5,10.5,Worcestershire,Yorkshire,DKH Mitchell,TC Fell,BO Coad,0,0,,,,,,,,,,,,,
1127670,2018,2018-09-24,"County Ground, New Road, Worcester",1,10.6,10.6,Worcestershire,Yorkshire,DKH Mitchell,TC Fell,BO Coad,0,0,,,,,,,,,,,,,
1127670,2018,2018-09-24,"County Ground, New Road, Worcester",1,11.1,11.1,Worcestershire,Yorkshire,TC Fell,DKH Mitchell,SA Patterson,0,0,,,,,,,,,,,,,
1127670,2018,2018-09-24,"County Ground, New Road, Worcester",1,11.2,11.2,Worcestershire,Yorkshire,TC Fell,DKH Mitchell,SA Patterson,0,0,,,,,,,,,,,,,
1127670,2018,2018-09-24,"County Ground, New Road, Worcester",1,11.3,11.3,Worcestershire,Yorkshire,TC Fell,DKH Mitchell,SA Patterson,0,0,,,,,,,,,,,,,
1127670,2018,2018-09-24,"County Ground, New Road, Worcester",1,11.4,11.4,Worcestershire,Yorkshire,TC Fell,DKH Mitchell,SA Patterson,0,0,,,,,,,,,,,,,
1127670,2018,2018-09-24,"County Ground, New Road, Worcester",1,11.5,11.5,Worcestershire,Yorkshire,TC Fell,DKH Mitchell,SA Patterson,0,0,,,,,,,,,,,,,
1127670,2018,2018-09-24,"County Ground, New Road, Worcester",1,11.6,11.6,Worcestershire,Yorkshire,TC Fell,DKH Mitchell,SA Patterson,0,0,,,,,,,,,,,,,
1127670,2018,2018-09-24,"County Ground, New Road, Worcester",1,12.1,12.1,Worcestershire,Yorkshire,DKH Mitchell,TC Fell,TT Bresnan,0,0,,,,,,,,,,,,,
1127670,2018,2018-09-24,"County Ground, New Road, Worcester",1,12.2,12.2,Worcestershire,Yorkshire,DKH Mitchell,TC Fell,TT Bresnan,0,0,,,,,,,,,,,,,
1127670,2018,2018-09-24,"County Ground, New Road, Worcester",1,12.3,12.3,Worcestershire,Yorkshire,DKH Mitchell,TC Fell,TT Bresnan,0,0,,,,,,,,,,,,,
1127670,2018,2018-09-24,"County Ground, New Road, Worcester",1,12.4,12.4,Worcestershire,Yorkshire,DKH Mitchell,TC Fell,TT Bresnan,0,0,,,,,,,,,,,,,
1127670,2018,2018-09-24,"County Ground, New Road, Worcester",1,12.5,12.5,Worcestershire,Yorkshire,DKH Mitchell,TC Fell,TT Bresnan,0,0,,,,,,,,,,,,,
1127670,2018,2018-09-24,"County Ground, New Road, Worcester",1,12.6,12.6,Worcestershire,Yorkshire,DKH Mitchell,TC Fell,TT Bresnan,0,0,,,,,,,,,,,,,
1127670,2018,2018-09-24,"County Ground, New Road, Worcester",1,13.1,13.1,Worcestershire,Yorkshire,TC Fell,DKH Mitchell,SA Patterson,0,0,,,,,,,,,,,,,
1127670,2018,2018-09-24,"County Ground, New Road, Worcester",1,13.2,13.2,Worcestershire,Yorkshire,TC Fell,DKH Mitchell,SA Patterson,0,0,,,,,,,,,,,,,
1127670,2018,2018-09-24,"County Ground, New Road, Worcester",1,13.3,13.3,Worcestershire,Yorkshire,TC Fell,DKH Mitchell,SA Patterson,2,0,,,,,,,,,,,,,
1127670,2018,2018-09-24,"County Ground, New Road, Worcester",1,13.4,13.4,Worcestershire,Yorkshire,TC Fell,DKH Mitchell,SA Patterson,0,0,,,,,,,,,,,,,
1127670,2018,2018-09-24,"County Ground, New Road, Worcester",1,13.5,13.5,Worcestershire,Yorkshire,TC Fell,DKH Mitchell,SA Patterson,1,0,,,,,,,,,,,,,
1127670,2018,2018-09-24,"County Ground, New Road, Worcester",1,13.6,13.6,Worcestershire,Yorkshire,DKH Mitchell,TC Fell,SA Patterson,4,0,,,,,,,,,,,,,
1127670,2018,2018-09-24,"County Ground, New Road, Worcester",1,14.1,14.1,Worcestershire,Yorkshire,TC Fell,DKH Mitchell,TT Bresnan,0,0,,,,,,,caught,TC Fell,,,JA Leaning,,
1127670,2018,2018-09-24,"County Ground, New Road, Worcester",1,14.2,14.2,Worcestershire,Yorkshire,MM Ali,DKH Mitchell,TT Bresnan,0,0,,,,,,,,,,,,,
1127670,2018,2018-09-24,"County Ground, New Road, Worcester",1,14.3,14.3,Worcestershire,Yorkshire,MM Ali,DKH Mitchell,TT Bresnan,0,0,,,,,,,,,,,,,
1127670,2018,2018-09-24,"County Ground, New Road, Worcester",1,14.4,14.4,Worcestershire,Yorkshire,MM Ali,DKH Mitchell,TT Bresnan,2,0,,,,,,,,,,,,,
1127670,2018,2018-09-24,"County Ground, New Road, Worcester",1,14.5,14.5,Worcestershire,Yorkshire,MM Ali,DKH Mitchell,TT Bresnan,0,0,,,,,,,,,,,,,
1127670,2018,2018-09-24,"County Ground, New Road, Worcester",1,14.6,14.6,Worcestershire,Yorkshire,MM Ali,DKH Mitchell,TT Bresnan,0,0,,,,,,,,,,,,,
1127670,2018,2018-09-24,"County Ground, New Road, Worcester",1,15.1,15.1,Worcestershire,Yorkshire,DKH Mitchell,MM Ali,SA Patterson,0,0,,,,,,,,,,,,,
1127670,2018,2018-09-24,"County Ground, New Road, Worcester",1,15.2,15.2,Worcestershire,Yorkshire,DKH Mitchell,MM Ali,SA Patterson,0,0,,,,,,,,,,,,,
1127670,2018,2018-09-24,"County Ground, New Road, Worcester",1,15.3,15.3,Worcestershire,Yorkshire,DKH Mitchell,MM Ali,SA Patterson,0,0,,,,,,,,,,,,,
1127670,2018,2018-09-24,"County Ground, New Road, Worcester",1,15.4,15.4,Worcestershire,Yorkshire,DKH Mitchell,MM Ali,SA Patterson,0,0,,,,,,,,,,,,,
1127670,2018,2018-09-24,"County Ground, New Road, Worcester",1,15.5,15.5,Worcestershire,Yorkshire,DKH Mitchell,MM Ali,SA Patterson,4,0,,,,,,,,,,,,,
1127670,2018,2018-09-24,"County Ground, New Road, Worcester",1,15.6,15.6,Worcestershire,Yorkshire,DKH Mitchell,MM Ali,SA Patterson,0,0,,,,,,,,,,,,,
1127670,2018,2018-09-24,"County Ground, New Road, Worcester",1,16.1,16.1,Worcestershire,Yorkshire,MM Ali,DKH Mitchell,TT Bresnan,0,0,,,,,,,,,,,,,
1127670,2018,2018-09-24,"County Ground, New Road, Worcester",1,16.2,16.2,Worcestershire,Yorkshire,MM Ali,DKH Mitchell,TT Bresnan,0,0,,,,,,,,,,,,,
1127670,2018,2018-09-24,"County Ground, New Road, Worcester",1,16.3,16.3,Worcestershire,Yorkshire,MM Ali,DKH Mitchell,TT Bresnan,0,0,,,,,,,,,,,,,
1127670,2018,2018-09-24,"County Ground, New Road, Worcester",1,16.4,16.4,Worcestershire,Yorkshire,MM Ali,DKH Mitchell,TT Bresnan,0,0,,,,,,,,,,,,,
1127670,2018,2018-09-24,"County Ground, New Road, Worcester",1,16.5,16.5,Worcestershire,Yorkshire,MM Ali,DKH Mitchell,TT Bresnan,0,0,,,,,,,,,,,,,
1127670,2018,2018-09-24,"County Ground, New Road, Worcester",1,16.6,16.6,Worcestershire,Yorkshire,MM Ali,DKH Mitchell,TT Bresnan,0,0,,,,,,,,,,,,,
1127670,2018,2018-09-24,"County Ground, New Road, Worcester",1,17.1,17.1,Worcestershire,Yorkshire,DKH Mitchell,MM Ali,SA Patterson,0,0,,,,,,,,,,,,,
1127670,2018,2018-09-24,"County Ground, New Road, Worcester",1,17.2,17.2,Worcestershire,Yorkshire,DKH Mitchell,MM Ali,SA Patterson,1,0,,,,,,,,,,,,,
1127670,2018,2018-09-24,"County Ground, New Road, Worcester",1,17.3,17.3,Worcestershire,Yorkshire,MM Ali,DKH Mitchell,SA Patterson,0,0,,,,,,,,,,,,,
1127670,2018,2018-09-24,"County Ground, New Road, Worcester",1,17.4,17.4,Worcestershire,Yorkshire,MM Ali,DKH Mitchell,SA Patterson,0,0,,,,,,,,,,,,,
1127670,2018,2018-09-24,"County Ground, New Road, Worcester",1,17.5,17.5,Worcestershire,Yorkshire,MM Ali,DKH Mitchell,SA Patterson,0,0,,,,,,,,,,,,,
1127670,2018,2018-09-24,"County Ground, New Road, Worcester",1,17.6,17.6,Worcestershire,Yorkshire,MM Ali,DKH Mitchell,SA Patterson,0,0,,,,,,,,,,,,,
1127670,2018,2018-09-24,"County Ground, New Road, Worcester",1,18.1,18.1,Worcestershire,Yorkshire,DKH Mitchell,MM Ali,TT Bresnan,1,0,,,,,,,,,,,,,
1127670,2018,2018-09-24,"County Ground, New Road, Worcester",1,18.2,18.2,Worcestershire,Yorkshire,MM Ali,DKH Mitchell,TT Bresnan,4,0,,,,,,,,,,,,,
1127670,2018,2018-09-24,"County Ground, New Road, Worcester",1,18.3,18.3,Worcestershire,Yorkshire,MM Ali,DKH Mitchell,TT Bresnan,0,0,,,,,,,,,,,,,
1127670,2018,2018-09-24,"County Ground, New Road, Worcester",1,18.4,18.4,Worcestershire,Yorkshire,MM Ali,DKH Mitchell,TT Bresnan,0,0,,,,,,,,,,,,,
1127670,2018,2018-09-24,"County Ground, New Road, Worcester",1,18.5,18.5,Worcestershire,Yorkshire,MM Ali,DKH Mitchell,TT Bresnan,0,0,,,,,,,,,,,,,
1127670,2018,2018-09-24,"County Ground, New Road, Worcester",1,18.6,18.6,Worcestershire,Yorkshire,MM Ali,DKH Mitchell,TT Bresnan,0,0,,,,,,,,,,,,,
1127670,2018,2018-09-24,"County Ground, New Road, Worcester",1,19.1,19.1,Worcestershire,Yorkshire,DKH Mitchell,MM Ali,SA Patterson,0,0,,,,,,,,,,,,,
1127670,2018,2018-09-24,"County Ground, New Road, Worcester",1,19.2,19.2,Worcestershire,Yorkshire,DKH Mitchell,MM Ali,SA Patterson,0,0,,,,,,,,,,,,,
1127670,2018,2018-09-24,"County Ground, New Road, Worcester",1,19.3,19.3,Worcestershire,Yorkshire,DKH Mitchell,MM Ali,SA Patterson,1,0,,,,,,,,,,,,,
1127670,2018,2018-09-24,"County Ground, New Road, Worcester",1,19.4,19.4,Worcestershire,Yorkshire,MM Ali,DKH Mitchell,SA Patterson,0,0,,,,,,,,,,,,,
1127670,2018,2018-09-24,"County Ground, New Road, Worcester",1,19.5,19.5,Worcestershire,Yorkshire,MM Ali,DKH Mitchell,SA Patterson,0,0,,,,,,,,,,,,,
1127670,2018,2018-09-24,"County Ground, New Road, Worcester",1,19.6,19.6,Worcestershire,Yorkshire,MM Ali,DKH Mitchell,SA Patterson,0,0,,,,,,,,,,,,,
1127670,2018,2018-09-24,"County Ground, New Road, Worcester",1,20.1,20.1,Worcestershire,Yorkshire,DKH Mitchell,MM Ali,TT Bresnan,0,0,,,,,,,,,,,,,
1127670,2018,2018-09-24,"County Ground, New Road, Worcester",1,20.2,20.2,Worcestershire,Yorkshire,DKH Mitchell,MM Ali,TT Bresnan,1,0,,,,,,,,,,,,,
1127670,2018,2018-09-24,"County Ground, New Road, Worcester",1,20.3,20.3,Worcestershire,Yorkshire,MM Ali,DKH Mitchell,TT Bresnan,0,0,,,,,,,,,,,,,
1127670,2018,2018-09-24,"County Ground, New Road, Worcester",1,20.4,20.4,Worcestershire,Yorkshire,MM Ali,DKH Mitchell,TT Bresnan,0,0,,,,,,,,,,,,,
1127670,2018,2018-09-24,"County Ground, New Road, Worcester",1,20.5,20.5,Worcestershire,Yorkshire,MM Ali,DKH Mitchell,TT Bresnan,0,0,,,,,,,,,,,,,
1127670,2018,2018-09-24,"County Ground, New Road, Worcester",1,20.6,20.6,Worcestershire,Yorkshire,MM Ali,DKH Mitchell,TT Bresnan,0,0,,,,,,,,,,,,,
1127670,2018,2018-09-24,"County Ground, New Road, Worcester",1,21.1,21.1,Worcestershire,Yorkshire,DKH Mitchell,MM Ali,SA Patterson,0,0,,,,,,,,,,,,,
1127670,2018,2018-09-24,"County Ground, New Road, Worcester",1,21.2,21.2,Worcestershire,Yorkshire,DKH Mitchell,MM Ali,SA Patterson,0,0,,,,,,,,,,,,,
1127670,2018,2018-09-24,"County Ground, New Road, Worcester",1,21.3,21.3,Worcestershire,Yorkshire,DKH Mitchell,MM Ali,SA Patterson,0,0,,,,,,,,,,,,,
1127670,2018,2018-09-24,"County Ground, New Road, Worcester",1,21.4,21.4,Worcestershire,Yorkshire,DKH Mitchell,MM Ali,SA Patterson,1,0,,,,,,,,,,,,,
1127670,2018,2018-09-24,"County Ground, New Road, Worcester",1,21.5,21.5,Worcestershire,Yorkshire,MM Ali,DKH Mitchell,SA Patterson,0,0,,,,,,,,,,,,,
1127670,2018,2018-09-24,"County Ground, New Road, Worcester",1,21.6,21.6,Worcestershire,Yorkshire,MM Ali,DKH Mitchell,SA Patterson,0,0,,,,,,,,,,,,,
1127670,2018,2018-09-24,"County Ground, New Road, Worcester",1,22.1,22.1,Worcestershire,Yorkshire,DKH Mitchell,MM Ali,TT Bresnan,0,0,,,,,,,,,,,,,
1127670,2018,2018-09-24,"County Ground, New Road, Worcester",1,22.2,22.2,Worcestershire,Yorkshire,DKH Mitchell,MM Ali,TT Bresnan,0,0,,,,,,,,,,,,,
1127670,2018,2018-09-24,"County Ground, New Road, Worcester",1,22.3,22.3,Worcestershire,Yorkshire,DKH Mitchell,MM Ali,TT Bresnan,0,0,,,,,,,,,,,,,
1127670,2018,2018-09-24,"County Ground, New Road, Worcester",1,22.4,22.4,Worcestershire,Yorkshire,DKH Mitchell,MM Ali,TT Bresnan,0,0,,,,,,,,,,,,,
1127670,2018,2018-09-24,"County Ground, New Road, Worcester",1,22.5,22.5,Worcestershire,Yorkshire,DKH Mitchell,MM Ali,TT Bresnan,0,0,,,,,,,,,,,,,
1127670,2018,2018-09-24,"County Ground, New Road, Worcester",1,22.6,22.6,Worcestershire,Yorkshire,DKH Mitchell,MM Ali,TT Bresnan,0,0,,,,,,,,,,,,,
1127670,2018,2018-09-24,"County Ground, New Road, Worcester",1,23.1,23.1,Worcestershire,Yorkshire,MM Ali,DKH Mitchell,SA Patterson,0,0,,,,,,,,,,,,,
1127670,2018,2018-09-24,"County Ground, New Road, Worcester",1,23.2,23.2,Worcestershire,Yorkshire,MM Ali,DKH Mitchell,SA Patterson,0,0,,,,,,,,,,,,,
1127670,2018,2018-09-24,"County Ground, New Road, Worcester",1,23.3,23.3,Worcestershire,Yorkshire,MM Ali,DKH Mitchell,SA Patterson,0,0,,,,,,,,,,,,,
1127670,2018,2018-09-24,"County Ground, New Road, Worcester",1,23.4,23.4,Worcestershire,Yorkshire,MM Ali,DKH Mitchell,SA Patterson,0,0,,,,,,,,,,,,,
1127670,2018,2018-09-24,"County Ground, New Road, Worcester",1,23.5,23.5,Worcestershire,Yorkshire,MM Ali,DKH Mitchell,SA Patterson,0,0,,,,,,,,,,,,,
1127670,2018,2018-09-24,"County Ground, New Road, Worcester",1,23.6,23.6,Worcestershire,Yorkshire,MM Ali,DKH Mitchell,SA Patterson,0,0,,,,,,,,,,,,,
1127670,2018,2018-09-24,"County Ground, New Road, Worcester",1,24.1,24.1,Worcestershire,Yorkshire,DKH Mitchell,MM Ali,TT Bresnan,4,0,,,,,,,,,,,,,
1127670,2018,2018-09-24,"County Ground, New Road, Worcester",1,24.2,24.2,Worcestershire,Yorkshire,DKH Mitchell,MM Ali,TT Bresnan,0,0,,,,,,,,,,,,,
1127670,2018,2018-09-24,"County Ground, New Road, Worcester",1,24.3,24.3,Worcestershire,Yorkshire,DKH Mitchell,MM Ali,TT Bresnan,0,0,,,,,,,,,,,,,
1127670,2018,2018-09-24,"County Ground, New Road, Worcester",1,24.4,24.4,Worcestershire,Yorkshire,DKH Mitchell,MM Ali,TT Bresnan,0,0,,,,,,,,,,,,,
1127670,2018,2018-09-24,"County Ground, New Road, Worcester",1,24.5,24.5,Worcestershire,Yorkshire,DKH Mitchell,MM Ali,TT Bresnan,0,0,,,,,,,,,,,,,
1127670,2018,2018-09-24,"County Ground, New Road, Worcester",1,24.6,24.6,Worcestershire,Yorkshire,DKH Mitchell,MM Ali,TT Bresnan,0,0,,,,,,,,,,,,,
1127670,2018,2018-09-24,"County Ground, New Road, Worcester",1,25.1,25.1,Worcestershire,Yorkshire,MM Ali,DKH Mitchell,SA Patterson,0,0,,,,,,,,,,,,,
1127670,2018,2018-09-24,"County Ground, New Road, Worcester",1,25.2,25.2,Worcestershire,Yorkshire,MM Ali,DKH Mitchell,SA Patterson,0,0,,,,,,,,,,,,,
1127670,2018,2018-09-24,"County Ground, New Road, Worcester",1,25.3,25.3,Worcestershire,Yorkshire,MM Ali,DKH Mitchell,SA Patterson,4,0,,,,,,,,,,,,,
1127670,2018,2018-09-24,"County Ground, New Road, Worcester",1,25.4,25.4,Worcestershire,Yorkshire,MM Ali,DKH Mitchell,SA Patterson,3,0,,,,,,,,,,,,,
1127670,2018,2018-09-24,"County Ground, New Road, Worcester",1,25.5,25.5,Worcestershire,Yorkshire,DKH Mitchell,MM Ali,SA Patterson,0,0,,,,,,,,,,,,,
1127670,2018,2018-09-24,"County Ground, New Road, Worcester",1,25.6,25.6,Worcestershire,Yorkshire,DKH Mitchell,MM Ali,SA Patterson,0,0,,,,,,,,,,,,,
1127670,2018,2018-09-24,"County Ground, New Road, Worcester",1,26.1,26.1,Worcestershire,Yorkshire,MM Ali,DKH Mitchell,JEG Logan,0,0,,,,,,,,,,,,,
1127670,2018,2018-09-24,"County Ground, New Road, Worcester",1,26.2,26.2,Worcestershire,Yorkshire,MM Ali,DKH Mitchell,JEG Logan,0,0,,,,,,,,,,,,,
1127670,2018,2018-09-24,"County Ground, New Road, Worcester",1,26.3,26.3,Worcestershire,Yorkshire,MM Ali,DKH Mitchell,JEG Logan,0,0,,,,,,,,,,,,,
1127670,2018,2018-09-24,"County Ground, New Road, Worcester",1,26.4,26.4,Worcestershire,Yorkshire,MM Ali,DKH Mitchell,JEG Logan,0,0,,,,,,,,,,,,,
1127670,2018,2018-09-24,"County Ground, New Road, Worcester",1,26.5,26.5,Worcestershire,Yorkshire,MM Ali,DKH Mitchell,JEG Logan,1,0,,,,,,,,,,,,,
1127670,2018,2018-09-24,"County Ground, New Road, Worcester",1,26.6,26.6,Worcestershire,Yorkshire,DKH Mitchell,MM Ali,JEG Logan,1,0,,,,,,,,,,,,,
1127670,2018,2018-09-24,"County Ground, New Road, Worcester",1,27.1,27.1,Worcestershire,Yorkshire,DKH Mitchell,MM Ali,BO Coad,4,0,,,,,,,,,,,,,
1127670,2018,2018-09-24,"County Ground, New Road, Worcester",1,27.2,27.2,Worcestershire,Yorkshire,DKH Mitchell,MM Ali,BO Coad,0,0,,,,,,,,,,,,,
1127670,2018,2018-09-24,"County Ground, New Road, Worcester",1,27.3,27.3,Worcestershire,Yorkshire,DKH Mitchell,MM Ali,BO Coad,0,0,,,,,,,,,,,,,
1127670,2018,2018-09-24,"County Ground, New Road, Worcester",1,27.4,27.4,Worcestershire,Yorkshire,DKH Mitchell,MM Ali,BO Coad,0,0,,,,,,,,,,,,,
1127670,2018,2018-09-24,"County Ground, New Road, Worcester",1,27.5,27.5,Worcestershire,Yorkshire,DKH Mitchell,MM Ali,BO Coad,0,0,,,,,,,,,,,,,
1127670,2018,2018-09-24,"County Ground, New Road, Worcester",1,27.6,27.6,Worcestershire,Yorkshire,DKH Mitchell,MM Ali,BO Coad,0,0,,,,,,,,,,,,,
1127670,2018,2018-09-24,"County Ground, New Road, Worcester",1,28.1,28.1,Worcestershire,Yorkshire,MM Ali,DKH Mitchell,JEG Logan,0,0,,,,,,,,,,,,,
1127670,2018,2018-09-24,"County Ground, New Road, Worcester",1,28.2,28.2,Worcestershire,Yorkshire,MM Ali,DKH Mitchell,JEG Logan,0,0,,,,,,,,,,,,,
1127670,2018,2018-09-24,"County Ground, New Road, Worcester",1,28.3,28.3,Worcestershire,Yorkshire,MM Ali,DKH Mitchell,JEG Logan,0,0,,,,,,,,,,,,,
1127670,2018,2018-09-24,"County Ground, New Road, Worcester",1,28.4,28.4,Worcestershire,Yorkshire,MM Ali,DKH Mitchell,JEG Logan,0,0,,,,,,,,,,,,,
1127670,2018,2018-09-24,"County Ground, New Road, Worcester",1,28.5,28.5,Worcestershire,Yorkshire,MM Ali,DKH Mitchell,JEG Logan,6,0,,,,,,,,,,,,,
1127670,2018,2018-09-24,"County Ground, New Road, Worcester",1,28.6,28.6,Worcestershire,Yorkshire,MM Ali,DKH Mitchell,JEG Logan,0,0,,,,,,,,,,,,,
1127670,2018,2018-09-24,"County Ground, New Road, Worcester",1,29.1,29.1,Worcestershire,Yorkshire,DKH Mitchell,MM Ali,BO Coad,0,0,,,,,,,,,,,,,
1127670,2018,2018-09-24,"County Ground, New Road, Worcester",1,29.2,29.2,Worcestershire,Yorkshire,DKH Mitchell,MM Ali,BO Coad,0,0,,,,,,,,,,,,,
1127670,2018,2018-09-24,"County Ground, New Road, Worcester",1,29.3,29.3,Worcestershire,Yorkshire,DKH Mitchell,MM Ali,BO Coad,0,0,,,,,,,,,,,,,
1127670,2018,2018-09-24,"County Ground, New Road, Worcester",1,29.4,29.4,Worcestershire,Yorkshire,DKH Mitchell,MM Ali,BO Coad,0,0,,,,,,,,,,,,,
1127670,2018,2018-09-24,"County Ground, New Road, Worcester",1,29.5,29.5,Worcestershire,Yorkshire,DKH Mitchell,MM Ali,BO Coad,0,0,,,,,,,,,,,,,
1127670,2018,2018-09-24,"County Ground, New Road, Worcester",1,29.6,29.6,Worcestershire,Yorkshire,DKH Mitchell,MM Ali,BO Coad,0,0,,,,,,,,,,,,,
1127670,2018,2018-09-24,"County Ground, New Road, Worcester",1,30.1,30.1,Worcestershire,Yorkshire,MM Ali,DKH Mitchell,JEG Logan,0,0,,,,,,,,,,,,,
1127670,2018,2018-09-24,"County Ground, New Road, Worcester",1,30.2,30.2,Worcestershire,Yorkshire,MM Ali,DKH Mitchell,JEG Logan,0,0,,,,,,,,,,,,,
1127670,2018,2018-09-24,"County Ground, New Road, Worcester",1,30.3,30.3,Worcestershire,Yorkshire,MM Ali,DKH Mitchell,JEG Logan,0,0,,,,,,,,,,,,,
1127670,2018,2018-09-24,"County Ground, New Road, Worcester",1,30.4,30.4,Worcestershire,Yorkshire,MM Ali,DKH Mitchell,JEG Logan,6,0,,,,,,,,,,,,,
1127670,2018,2018-09-24,"County Ground, New Road, Worcester",1,30.5,30.5,Worcestershire,Yorkshire,MM Ali,DKH Mitchell,JEG Logan,0,0,,,,,,,,,,,,,
1127670,2018,2018-09-24,"County Ground, New Road, Worcester",1,30.6,30.6,Worcestershire,Yorkshire,MM Ali,DKH Mitchell,JEG Logan,4,0,,,,,,,,,,,,,
1127670,2018,2018-09-24,"County Ground, New Road, Worcester",1,31.1,31.1,Worcestershire,Yorkshire,DKH Mitchell,MM Ali,BO Coad,0,0,,,,,,,,,,,,,
1127670,2018,2018-09-24,"County Ground, New Road, Worcester",1,31.2,31.2,Worcestershire,Yorkshire,DKH Mitchell,MM Ali,BO Coad,0,0,,,,,,,,,,,,,
1127670,2018,2018-09-24,"County Ground, New Road, Worcester",1,31.3,31.3,Worcestershire,Yorkshire,DKH Mitchell,MM Ali,BO Coad,0,0,,,,,,,,,,,,,
1127670,2018,2018-09-24,"County Ground, New Road, Worcester",1,31.4,31.4,Worcestershire,Yorkshire,DKH Mitchell,MM Ali,BO Coad,1,0,,,,,,,,,,,,,
1127670,2018,2018-09-24,"County Ground, New Road, Worcester",1,31.5,31.5,Worcestershire,Yorkshire,MM Ali,DKH Mitchell,BO Coad,0,0,,,,,,,,,,,,,
1127670,2018,2018-09-24,"County Ground, New Road, Worcester",1,31.6,31.6,Worcestershire,Yorkshire,MM Ali,DKH Mitchell,BO Coad,4,0,,,,,,,,,,,,,
1127670,2018,2018-09-24,"County Ground, New Road, Worcester",1,32.1,32.1,Worcestershire,Yorkshire,DKH Mitchell,MM Ali,TT Bresnan,0,0,,,,,,,,,,,,,
1127670,2018,2018-09-24,"County Ground, New Road, Worcester",1,32.2,32.2,Worcestershire,Yorkshire,DKH Mitchell,MM Ali,TT Bresnan,0,0,,,,,,,,,,,,,
1127670,2018,2018-09-24,"County Ground, New Road, Worcester",1,32.3,32.3,Worcestershire,Yorkshire,DKH Mitchell,MM Ali,TT Bresnan,0,0,,,,,,,,,,,,,
1127670,2018,2018-09-24,"County Ground, New Road, Worcester",1,32.4,32.4,Worcestershire,Yorkshire,DKH Mitchell,MM Ali,TT Bresnan,0,0,,,,,,,,,,,,,
1127670,2018,2018-09-24,"County Ground, New Road, Worcester",1,32.5,32.5,Worcestershire,Yorkshire,DKH Mitchell,MM Ali,TT Bresnan,1,0,,,,,,,,,,,,,
1127670,2018,2018-09-24,"County Ground, New Road, Worcester",1,32.6,32.6,Worcestershire,Yorkshire,MM Ali,DKH Mitchell,TT Bresnan,1,0,,,,,,,,,,,,,
1127670,2018,2018-09-24,"County Ground, New Road, Worcester",1,33.1,33.1,Worcestershire,Yorkshire,MM Ali,DKH Mitchell,JA Brooks,1,0,,,,,,,,,,,,,
1127670,2018,2018-09-24,"County Ground, New Road, Worcester",1,33.2,33.2,Worcestershire,Yorkshire,DKH Mitchell,MM Ali,JA Brooks,4,0,,,,,,,,,,,,,
1127670,2018,2018-09-24,"County Ground, New Road, Worcester",1,33.3,33.3,Worcestershire,Yorkshire,DKH Mitchell,MM Ali,JA Brooks,0,2,,2,,,,,,,,,,,
1127670,2018,2018-09-24,"County Ground, New Road, Worcester",1,33.4,33.3,Worcestershire,Yorkshire,DKH Mitchell,MM Ali,JA Brooks,0,0,,,,,,,,,,,,,
1127670,2018,2018-09-24,"County Ground, New Road, Worcester",1,33.5,33.4,Worcestershire,Yorkshire,DKH Mitchell,MM Ali,JA Brooks,0,0,,,,,,,,,,,,,
1127670,2018,2018-09-24,"County Ground, New Road, Worcester",1,33.6,33.5,Worcestershire,Yorkshire,DKH Mitchell,MM Ali,JA Brooks,1,0,,,,,,,,,,,,,
1127670,2018,2018-09-24,"County Ground, New Road, Worcester",1,33.7,33.6,Worcestershire,Yorkshire,MM Ali,DKH Mitchell,JA Brooks,0,0,,,,,,,,,,,,,
1127670,2018,2018-09-24,"County Ground, New Road, Worcester",1,34.1,34.1,Worcestershire,Yorkshire,DKH Mitchell,MM Ali,TT Bresnan,0,0,,,,,,,,,,,,,
1127670,2018,2018-09-24,"County Ground, New Road, Worcester",1,34.2,34.2,Worcestershire,Yorkshire,DKH Mitchell,MM Ali,TT Bresnan,0,0,,,,,,,,,,,,,
1127670,2018,2018-09-24,"County Ground, New Road, Worcester",1,34.3,34.3,Worcestershire,Yorkshire,DKH Mitchell,MM Ali,TT Bresnan,4,0,,,,,,,,,,,,,
1127670,2018,2018-09-24,"County Ground, New Road, Worcester",1,34.4,34.4,Worcestershire,Yorkshire,DKH Mitchell,MM Ali,TT Bresnan,0,0,,,,,,,,,,,,,
1127670,2018,2018-09-24,"County Ground, New Road, Worcester",1,34.5,34.5,Worcestershire,Yorkshire,DKH Mitchell,MM Ali,TT Bresnan,0,0,,,,,,,,,,,,,
1127670,2018,2018-09-24,"County Ground, New Road, Worcester",1,34.6,34.6,Worcestershire,Yorkshire,DKH Mitchell,MM Ali,TT Bresnan,1,0,,,,,,,,,,,,,
1127670,2018,2018-09-24,"County Ground, New Road, Worcester",1,35.1,35.1,Worcestershire,Yorkshire,DKH Mitchell,MM Ali,JA Brooks,0,0,,,,,,,,,,,,,
1127670,2018,2018-09-24,"County Ground, New Road, Worcester",1,35.2,35.2,Worcestershire,Yorkshire,DKH Mitchell,MM Ali,JA Brooks,0,0,,,,,,,,,,,,,
1127670,2018,2018-09-24,"County Ground, New Road, Worcester",1,35.3,35.3,Worcestershire,Yorkshire,DKH Mitchell,MM Ali,JA Brooks,4,0,,,,,,,,,,,,,
1127670,2018,2018-09-24,"County Ground, New Road, Worcester",1,35.4,35.4,Worcestershire,Yorkshire,DKH Mitchell,MM Ali,JA Brooks,0,0,,,,,,,,,,,,,
1127670,2018,2018-09-24,"County Ground, New Road, Worcester",1,35.5,35.5,Worcestershire,Yorkshire,DKH Mitchell,MM Ali,JA Brooks,0,0,,,,,,,,,,,,,
1127670,2018,2018-09-24,"County Ground, New Road, Worcester",1,35.6,35.6,Worcestershire,Yorkshire,DKH Mitchell,MM Ali,JA Brooks,1,0,,,,,,,,,,,,,
1127670,2018,2018-09-24,"County Ground, New Road, Worcester",1,36.1,36.1,Worcestershire,Yorkshire,DKH Mitchell,MM Ali,TT Bresnan,1,0,,,,,,,,,,,,,
1127670,2018,2018-09-24,"County Ground, New Road, Worcester",1,36.2,36.2,Worcestershire,Yorkshire,MM Ali,DKH Mitchell,TT Bresnan,0,0,,,,,,,,,,,,,
1127670,2018,2018-09-24,"County Ground, New Road, Worcester",1,36.3,36.3,Worcestershire,Yorkshire,MM Ali,DKH Mitchell,TT Bresnan,4,0,,,,,,,,,,,,,
1127670,2018,2018-09-24,"County Ground, New Road, Worcester",1,36.4,36.4,Worcestershire,Yorkshire,MM Ali,DKH Mitchell,TT Bresnan,0,0,,,,,,,,,,,,,
1127670,2018,2018-09-24,"County Ground, New Road, Worcester",1,36.5,36.5,Worcestershire,Yorkshire,MM Ali,DKH Mitchell,TT Bresnan,0,0,,,,,,,,,,,,,
1127670,2018,2018-09-24,"County Ground, New Road, Worcester",1,36.6,36.6,Worcestershire,Yorkshire,MM Ali,DKH Mitchell,TT Bresnan,4,0,,,,,,,,,,,,,
1127670,2018,2018-09-24,"County Ground, New Road, Worcester",1,37.1,37.1,Worcestershire,Yorkshire,DKH Mitchell,MM Ali,JA Brooks,0,0,,,,,,,,,,,,,
1127670,2018,2018-09-24,"County Ground, New Road, Worcester",1,37.2,37.2,Worcestershire,Yorkshire,DKH Mitchell,MM Ali,JA Brooks,1,0,,,,,,,,,,,,,
1127670,2018,2018-09-24,"County Ground, New Road, Worcester",1,37.3,37.3,Worcestershire,Yorkshire,MM Ali,DKH Mitchell,JA Brooks,0,0,,,,,,,,,,,,,
1127670,2018,2018-09-24,"County Ground, New Road, Worcester",1,37.4,37.4,Worcestershire,Yorkshire,MM Ali,DKH Mitchell,JA Brooks,4,0,,,,,,,,,,,,,
1127670,2018,2018-09-24,"County Ground, New Road, Worcester",1,37.5,37.5,Worcestershire,Yorkshire,MM Ali,DKH Mitchell,JA Brooks,4,0,,,,,,,,,,,,,
1127670,2018,2018-09-24,"County Ground, New Road, Worcester",1,37.6,37.6,Worcestershire,Yorkshire,MM Ali,DKH Mitchell,JA Brooks,0,0,,,,,,,,,,,,,
1127670,2018,2018-09-24,"County Ground, New Road, Worcester",1,38.1,38.1,Worcestershire,Yorkshire,DKH Mitchell,MM Ali,TT Bresnan,0,0,,,,,,,,,,,,,
1127670,2018,2018-09-24,"County Ground, New Road, Worcester",1,38.2,38.2,Worcestershire,Yorkshire,DKH Mitchell,MM Ali,TT Bresnan,0,0,,,,,,,,,,,,,
1127670,2018,2018-09-24,"County Ground, New Road, Worcester",1,38.3,38.3,Worcestershire,Yorkshire,DKH Mitchell,MM Ali,TT Bresnan,0,0,,,,,,,,,,,,,
1127670,2018,2018-09-24,"County Ground, New Road, Worcester",1,38.4,38.4,Worcestershire,Yorkshire,DKH Mitchell,MM Ali,TT Bresnan,1,0,,,,,,,,,,,,,
1127670,2018,2018-09-24,"County Ground, New Road, Worcester",1,38.5,38.5,Worcestershire,Yorkshire,MM Ali,DKH Mitchell,TT Bresnan,0,1,1,,,,,,,,,,,,
1127670,2018,2018-09-24,"County Ground, New Road, Worcester",1,38.6,38.5,Worcestershire,Yorkshire,MM Ali,DKH Mitchell,TT Bresnan,0,0,,,,,,,,,,,,,
1127670,2018,2018-09-24,"County Ground, New Road, Worcester",1,38.7,38.6,Worcestershire,Yorkshire,MM Ali,DKH Mitchell,TT Bresnan,0,0,,,,,,,,,,,,,
1127670,2018,2018-09-24,"County Ground, New Road, Worcester",1,39.1,39.1,Worcestershire,Yorkshire,DKH Mitchell,MM Ali,JA Brooks,0,0,,,,,,,,,,,,,
1127670,2018,2018-09-24,"County Ground, New Road, Worcester",1,39.2,39.2,Worcestershire,Yorkshire,DKH Mitchell,MM Ali,JA Brooks,1,0,,,,,,,,,,,,,
1127670,2018,2018-09-24,"County Ground, New Road, Worcester",1,39.3,39.3,Worcestershire,Yorkshire,MM Ali,DKH Mitchell,JA Brooks,0,0,,,,,,,,,,,,,
1127670,2018,2018-09-24,"County Ground, New Road, Worcester",1,39.4,39.4,Worcestershire,Yorkshire,MM Ali,DKH Mitchell,JA Brooks,4,0,,,,,,,,,,,,,
1127670,2018,2018-09-24,"County Ground, New Road, Worcester",1,39.5,39.5,Worcestershire,Yorkshire,MM Ali,DKH Mitchell,JA Brooks,0,0,,,,,,,,,,,,,
1127670,2018,2018-09-24,"County Ground, New Road, Worcester",1,39.6,39.6,Worcestershire,Yorkshire,MM Ali,DKH Mitchell,JA Brooks,4,0,,,,,,,,,,,,,
1127670,2018,2018-09-24,"County Ground, New Road, Worcester",1,40.1,40.1,Worcestershire,Yorkshire,DKH Mitchell,MM Ali,TT Bresnan,0,0,,,,,,,,,,,,,
1127670,2018,2018-09-24,"County Ground, New Road, Worcester",1,40.2,40.2,Worcestershire,Yorkshire,DKH Mitchell,MM Ali,TT Bresnan,0,0,,,,,,,,,,,,,
1127670,2018,2018-09-24,"County Ground, New Road, Worcester",1,40.3,40.3,Worcestershire,Yorkshire,DKH Mitchell,MM Ali,TT Bresnan,0,0,,,,,,,,,,,,,
1127670,2018,2018-09-24,"County Ground, New Road, Worcester",1,40.4,40.4,Worcestershire,Yorkshire,DKH Mitchell,MM Ali,TT Bresnan,0,0,,,,,,,,,,,,,
1127670,2018,2018-09-24,"County Ground, New Road, Worcester",1,40.5,40.5,Worcestershire,Yorkshire,DKH Mitchell,MM Ali,TT Bresnan,0,0,,,,,,,,,,,,,
1127670,2018,2018-09-24,"County Ground, New Road, Worcester",1,40.6,40.6,Worcestershire,Yorkshire,DKH Mitchell,MM Ali,TT Bresnan,0,0,,,,,,,,,,,,,
1127670,2018,2018-09-24,"County Ground, New Road, Worcester",1,41.1,41.1,Worcestershire,Yorkshire,MM Ali,DKH Mitchell,SA Patterson,0,0,,,,,,,caught,MM Ali,,,T Kohler-Cadmore,,
1127670,2018,2018-09-24,"County Ground, New Road, Worcester",1,41.2,41.2,Worcestershire,Yorkshire,JM Clarke,DKH Mitchell,SA Patterson,0,0,,,,,,,,,,,,,
1127670,2018,2018-09-24,"County Ground, New Road, Worcester",1,41.3,41.3,Worcestershire,Yorkshire,JM Clarke,DKH Mitchell,SA Patterson,0,0,,,,,,,,,,,,,
1127670,2018,2018-09-24,"County Ground, New Road, Worcester",1,41.4,41.4,Worcestershire,Yorkshire,JM Clarke,DKH Mitchell,SA Patterson,0,0,,,,,,,,,,,,,
1127670,2018,2018-09-24,"County Ground, New Road, Worcester",1,41.5,41.5,Worcestershire,Yorkshire,JM Clarke,DKH Mitchell,SA Patterson,0,0,,,,,,,,,,,,,
1127670,2018,2018-09-24,"County Ground, New Road, Worcester",1,41.6,41.6,Worcestershire,Yorkshire,JM Clarke,DKH Mitchell,SA Patterson,0,0,,,,,,,,,,,,,
1127670,2018,2018-09-24,"County Ground, New Road, Worcester",1,42.1,42.1,Worcestershire,Yorkshire,DKH Mitchell,JM Clarke,BO Coad,2,0,,,,,,,,,,,,,
1127670,2018,2018-09-24,"County Ground, New Road, Worcester",1,42.2,42.2,Worcestershire,Yorkshire,DKH Mitchell,JM Clarke,BO Coad,0,0,,,,,,,,,,,,,
1127670,2018,2018-09-24,"County Ground, New Road, Worcester",1,42.3,42.3,Worcestershire,Yorkshire,DKH Mitchell,JM Clarke,BO Coad,0,0,,,,,,,,,,,,,
1127670,2018,2018-09-24,"County Ground, New Road, Worcester",1,42.4,42.4,Worcestershire,Yorkshire,DKH Mitchell,JM Clarke,BO Coad,0,0,,,,,,,,,,,,,
1127670,2018,2018-09-24,"County Ground, New Road, Worcester",1,42.5,42.5,Worcestershire,Yorkshire,DKH Mitchell,JM Clarke,BO Coad,0,0,,,,,,,,,,,,,
1127670,2018,2018-09-24,"County Ground, New Road, Worcester",1,42.6,42.6,Worcestershire,Yorkshire,DKH Mitchell,JM Clarke,BO Coad,2,0,,,,,,,,,,,,,
1127670,2018,2018-09-24,"County Ground, New Road, Worcester",1,43.1,43.1,Worcestershire,Yorkshire,JM Clarke,DKH Mitchell,SA Patterson,0,0,,,,,,,,,,,,,
1127670,2018,2018-09-24,"County Ground, New Road, Worcester",1,43.2,43.2,Worcestershire,Yorkshire,JM Clarke,DKH Mitchell,SA Patterson,0,0,,,,,,,,,,,,,
1127670,2018,2018-09-24,"County Ground, New Road, Worcester",1,43.3,43.3,Worcestershire,Yorkshire,JM Clarke,DKH Mitchell,SA Patterson,0,0,,,,,,,,,,,,,
1127670,2018,2018-09-24,"County Ground, New Road, Worcester",1,43.4,43.4,Worcestershire,Yorkshire,JM Clarke,DKH Mitchell,SA Patterson,0,0,,,,,,,,,,,,,
1127670,2018,2018-09-24,"County Ground, New Road, Worcester",1,43.5,43.5,Worcestershire,Yorkshire,JM Clarke,DKH Mitchell,SA Patterson,0,0,,,,,,,,,,,,,
1127670,2018,2018-09-24,"County Ground, New Road, Worcester",1,43.6,43.6,Worcestershire,Yorkshire,JM Clarke,DKH Mitchell,SA Patterson,0,0,,,,,,,,,,,,,
1127670,2018,2018-09-24,"County Ground, New Road, Worcester",1,44.1,44.1,Worcestershire,Yorkshire,DKH Mitchell,JM Clarke,BO Coad,0,0,,,,,,,,,,,,,
1127670,2018,2018-09-24,"County Ground, New Road, Worcester",1,44.2,44.2,Worcestershire,Yorkshire,DKH Mitchell,JM Clarke,BO Coad,0,0,,,,,,,,,,,,,
1127670,2018,2018-09-24,"County Ground, New Road, Worcester",1,44.3,44.3,Worcestershire,Yorkshire,DKH Mitchell,JM Clarke,BO Coad,0,0,,,,,,,,,,,,,
1127670,2018,2018-09-24,"County Ground, New Road, Worcester",1,44.4,44.4,Worcestershire,Yorkshire,DKH Mitchell,JM Clarke,BO Coad,0,0,,,,,,,,,,,,,
1127670,2018,2018-09-24,"County Ground, New Road, Worcester",1,44.5,44.5,Worcestershire,Yorkshire,DKH Mitchell,JM Clarke,BO Coad,0,0,,,,,,,,,,,,,
1127670,2018,2018-09-24,"County Ground, New Road, Worcester",1,44.6,44.6,Worcestershire,Yorkshire,DKH Mitchell,JM Clarke,BO Coad,0,0,,,,,,,,,,,,,
1127670,2018,2018-09-24,"County Ground, New Road, Worcester",1,45.1,45.1,Worcestershire,Yorkshire,JM Clarke,DKH Mitchell,SA Patterson,0,0,,,,,,,,,,,,,
1127670,2018,2018-09-24,"County Ground, New Road, Worcester",1,45.2,45.2,Worcestershire,Yorkshire,JM Clarke,DKH Mitchell,SA Patterson,0,0,,,,,,,,,,,,,
1127670,2018,2018-09-24,"County Ground, New Road, Worcester",1,45.3,45.3,Worcestershire,Yorkshire,JM Clarke,DKH Mitchell,SA Patterson,0,0,,,,,,,,,,,,,
1127670,2018,2018-09-24,"County Ground, New Road, Worcester",1,45.4,45.4,Worcestershire,Yorkshire,JM Clarke,DKH Mitchell,SA Patterson,0,0,,,,,,,,,,,,,
1127670,2018,2018-09-24,"County Ground, New Road, Worcester",1,45.5,45.5,Worcestershire,Yorkshire,JM Clarke,DKH Mitchell,SA Patterson,0,0,,,,,,,,,,,,,
1127670,2018,2018-09-24,"County Ground, New Road, Worcester",1,45.6,45.6,Worcestershire,Yorkshire,JM Clarke,DKH Mitchell,SA Patterson,1,0,,,,,,,,,,,,,
1127670,2018,2018-09-24,"County Ground, New Road, Worcester",1,46.1,46.1,Worcestershire,Yorkshire,JM Clarke,DKH Mitchell,BO Coad,0,0,,,,,,,,,,,,,
1127670,2018,2018-09-24,"County Ground, New Road, Worcester",1,46.2,46.2,Worcestershire,Yorkshire,JM Clarke,DKH Mitchell,BO Coad,0,0,,,,,,,,,,,,,
1127670,2018,2018-09-24,"County Ground, New Road, Worcester",1,46.3,46.3,Worcestershire,Yorkshire,JM Clarke,DKH Mitchell,BO Coad,0,0,,,,,,,,,,,,,
1127670,2018,2018-09-24,"County Ground, New Road, Worcester",1,46.4,46.4,Worcestershire,Yorkshire,JM Clarke,DKH Mitchell,BO Coad,0,0,,,,,,,,,,,,,
1127670,2018,2018-09-24,"County Ground, New Road, Worcester",1,46.5,46.5,Worcestershire,Yorkshire,JM Clarke,DKH Mitchell,BO Coad,0,0,,,,,,,,,,,,,
1127670,2018,2018-09-24,"County Ground, New Road, Worcester",1,46.6,46.6,Worcestershire,Yorkshire,JM Clarke,DKH Mitchell,BO Coad,0,0,,,,,,,,,,,,,
1127670,2018,2018-09-24,"County Ground, New Road, Worcester",1,47.1,47.1,Worcestershire,Yorkshire,DKH Mitchell,JM Clarke,SA Patterson,0,0,,,,,,,,,,,,,
1127670,2018,2018-09-24,"County Ground, New Road, Worcester",1,47.2,47.2,Worcestershire,Yorkshire,DKH Mitchell,JM Clarke,SA Patterson,1,0,,,,,,,,,,,,,
1127670,2018,2018-09-24,"County Ground, New Road, Worcester",1,47.3,47.3,Worcestershire,Yorkshire,JM Clarke,DKH Mitchell,SA Patterson,0,0,,,,,,,,,,,,,
1127670,2018,2018-09-24,"County Ground, New Road, Worcester",1,47.4,47.4,Worcestershire,Yorkshire,JM Clarke,DKH Mitchell,SA Patterson,0,0,,,,,,,,,,,,,
1127670,2018,2018-09-24,"County Ground, New Road, Worcester",1,47.5,47.5,Worcestershire,Yorkshire,JM Clarke,DKH Mitchell,SA Patterson,0,0,,,,,,,,,,,,,
1127670,2018,2018-09-24,"County Ground, New Road, Worcester",1,47.6,47.6,Worcestershire,Yorkshire,JM Clarke,DKH Mitchell,SA Patterson,0,1,,,,1,,,,,,,,,
1127670,2018,2018-09-24,"County Ground, New Road, Worcester",1,48.1,48.1,Worcestershire,Yorkshire,JM Clarke,DKH Mitchell,BO Coad,0,0,,,,,,,,,,,,,
1127670,2018,2018-09-24,"County Ground, New Road, Worcester",1,48.2,48.2,Worcestershire,Yorkshire,JM Clarke,DKH Mitchell,BO Coad,0,0,,,,,,,,,,,,,
1127670,2018,2018-09-24,"County Ground, New Road, Worcester",1,48.3,48.3,Worcestershire,Yorkshire,JM Clarke,DKH Mitchell,BO Coad,0,0,,,,,,,,,,,,,
1127670,2018,2018-09-24,"County Ground, New Road, Worcester",1,48.4,48.4,Worcestershire,Yorkshire,JM Clarke,DKH Mitchell,BO Coad,0,0,,,,,,,,,,,,,
1127670,2018,2018-09-24,"County Ground, New Road, Worcester",1,48.5,48.5,Worcestershire,Yorkshire,JM Clarke,DKH Mitchell,BO Coad,0,0,,,,,,,,,,,,,
1127670,2018,2018-09-24,"County Ground, New Road, Worcester",1,48.6,48.6,Worcestershire,Yorkshire,JM Clarke,DKH Mitchell,BO Coad,0,0,,,,,,,,,,,,,
1127670,2018,2018-09-24,"County Ground, New Road, Worcester",1,49.1,49.1,Worcestershire,Yorkshire,DKH Mitchell,JM Clarke,SA Patterson,1,0,,,,,,,,,,,,,
1127670,2018,2018-09-24,"County Ground, New Road, Worcester",1,49.2,49.2,Worcestershire,Yorkshire,JM Clarke,DKH Mitchell,SA Patterson,1,0,,,,,,,,,,,,,
1127670,2018,2018-09-24,"County Ground, New Road, Worcester",1,49.3,49.3,Worcestershire,Yorkshire,DKH Mitchell,JM Clarke,SA Patterson,0,0,,,,,,,,,,,,,
1127670,2018,2018-09-24,"County Ground, New Road, Worcester",1,49.4,49.4,Worcestershire,Yorkshire,DKH Mitchell,JM Clarke,SA Patterson,2,0,,,,,,,,,,,,,
1127670,2018,2018-09-24,"County Ground, New Road, Worcester",1,49.5,49.5,Worcestershire,Yorkshire,DKH Mitchell,JM Clarke,SA Patterson,0,0,,,,,,,,,,,,,
1127670,2018,2018-09-24,"County Ground, New Road, Worcester",1,49.6,49.6,Worcestershire,Yorkshire,DKH Mitchell,JM Clarke,SA Patterson,0,0,,,,,,,,,,,,,
1127670,2018,2018-09-24,"County Ground, New Road, Worcester",1,50.1,50.1,Worcestershire,Yorkshire,JM Clarke,DKH Mitchell,BO Coad,0,0,,,,,,,,,,,,,
1127670,2018,2018-09-24,"County Ground, New Road, Worcester",1,50.2,50.2,Worcestershire,Yorkshire,JM Clarke,DKH Mitchell,BO Coad,0,0,,,,,,,,,,,,,
1127670,2018,2018-09-24,"County Ground, New Road, Worcester",1,50.3,50.3,Worcestershire,Yorkshire,JM Clarke,DKH Mitchell,BO Coad,0,0,,,,,,,,,,,,,
1127670,2018,2018-09-24,"County Ground, New Road, Worcester",1,50.4,50.4,Worcestershire,Yorkshire,JM Clarke,DKH Mitchell,BO Coad,0,0,,,,,,,,,,,,,
1127670,2018,2018-09-24,"County Ground, New Road, Worcester",1,50.5,50.5,Worcestershire,Yorkshire,JM Clarke,DKH Mitchell,BO Coad,1,0,,,,,,,,,,,,,
1127670,2018,2018-09-24,"County Ground, New Road, Worcester",1,50.6,50.6,Worcestershire,Yorkshire,DKH Mitchell,JM Clarke,BO Coad,1,0,,,,,,,,,,,,,
1127670,2018,2018-09-24,"County Ground, New Road, Worcester",1,51.1,51.1,Worcestershire,Yorkshire,DKH Mitchell,JM Clarke,SA Patterson,0,0,,,,,,,,,,,,,
1127670,2018,2018-09-24,"County Ground, New Road, Worcester",1,51.2,51.2,Worcestershire,Yorkshire,DKH Mitchell,JM Clarke,SA Patterson,0,0,,,,,,,,,,,,,
1127670,2018,2018-09-24,"County Ground, New Road, Worcester",1,51.3,51.3,Worcestershire,Yorkshire,DKH Mitchell,JM Clarke,SA Patterson,0,0,,,,,,,,,,,,,
1127670,2018,2018-09-24,"County Ground, New Road, Worcester",1,51.4,51.4,Worcestershire,Yorkshire,DKH Mitchell,JM Clarke,SA Patterson,0,0,,,,,,,,,,,,,
1127670,2018,2018-09-24,"County Ground, New Road, Worcester",1,51.5,51.5,Worcestershire,Yorkshire,DKH Mitchell,JM Clarke,SA Patterson,0,0,,,,,,,,,,,,,
1127670,2018,2018-09-24,"County Ground, New Road, Worcester",1,51.6,51.6,Worcestershire,Yorkshire,DKH Mitchell,JM Clarke,SA Patterson,0,0,,,,,,,,,,,,,
1127670,2018,2018-09-24,"County Ground, New Road, Worcester",1,52.1,52.1,Worcestershire,Yorkshire,JM Clarke,DKH Mitchell,BO Coad,0,0,,,,,,,,,,,,,
1127670,2018,2018-09-24,"County Ground, New Road, Worcester",1,52.2,52.2,Worcestershire,Yorkshire,JM Clarke,DKH Mitchell,BO Coad,0,0,,,,,,,,,,,,,
1127670,2018,2018-09-24,"County Ground, New Road, Worcester",1,52.3,52.3,Worcestershire,Yorkshire,JM Clarke,DKH Mitchell,BO Coad,0,0,,,,,,,,,,,,,
1127670,2018,2018-09-24,"County Ground, New Road, Worcester",1,52.4,52.4,Worcestershire,Yorkshire,JM Clarke,DKH Mitchell,BO Coad,0,0,,,,,,,,,,,,,
1127670,2018,2018-09-24,"County Ground, New Road, Worcester",1,52.5,52.5,Worcestershire,Yorkshire,JM Clarke,DKH Mitchell,BO Coad,1,0,,,,,,,,,,,,,
1127670,2018,2018-09-24,"County Ground, New Road, Worcester",1,52.6,52.6,Worcestershire,Yorkshire,DKH Mitchell,JM Clarke,BO Coad,0,0,,,,,,,,,,,,,
1127670,2018,2018-09-24,"County Ground, New Road, Worcester",1,53.1,53.1,Worcestershire,Yorkshire,JM Clarke,DKH Mitchell,JA Brooks,4,0,,,,,,,,,,,,,
1127670,2018,2018-09-24,"County Ground, New Road, Worcester",1,53.2,53.2,Worcestershire,Yorkshire,JM Clarke,DKH Mitchell,JA Brooks,0,0,,,,,,,bowled,JM Clarke,,,,,
1127670,2018,2018-09-24,"County Ground, New Road, Worcester",1,53.3,53.3,Worcestershire,Yorkshire,AG Milton,DKH Mitchell,JA Brooks,1,0,,,,,,,,,,,,,
1127670,2018,2018-09-24,"County Ground, New Road, Worcester",1,53.4,53.4,Worcestershire,Yorkshire,DKH Mitchell,AG Milton,JA Brooks,0,0,,,,,,,,,,,,,
1127670,2018,2018-09-24,"County Ground, New Road, Worcester",1,53.5,53.5,Worcestershire,Yorkshire,DKH Mitchell,AG Milton,JA Brooks,0,0,,,,,,,,,,,,,
1127670,2018,2018-09-24,"County Ground, New Road, Worcester",1,53.6,53.6,Worcestershire,Yorkshire,DKH Mitchell,AG Milton,JA Brooks,3,0,,,,,,,,,,,,,
1127670,2018,2018-09-24,"County Ground, New Road, Worcester",1,54.1,54.1,Worcestershire,Yorkshire,DKH Mitchell,AG Milton,BO Coad,0,0,,,,,,,,,,,,,
1127670,2018,2018-09-24,"County Ground, New Road, Worcester",1,54.2,54.2,Worcestershire,Yorkshire,DKH Mitchell,AG Milton,BO Coad,1,0,,,,,,,,,,,,,
1127670,2018,2018-09-24,"County Ground, New Road, Worcester",1,54.3,54.3,Worcestershire,Yorkshire,AG Milton,DKH Mitchell,BO Coad,0,0,,,,,,,,,,,,,
1127670,2018,2018-09-24,"County Ground, New Road, Worcester",1,54.4,54.4,Worcestershire,Yorkshire,AG Milton,DKH Mitchell,BO Coad,0,0,,,,,,,,,,,,,
1127670,2018,2018-09-24,"County Ground, New Road, Worcester",1,54.5,54.5,Worcestershire,Yorkshire,AG Milton,DKH Mitchell,BO Coad,0,0,,,,,,,,,,,,,
1127670,2018,2018-09-24,"County Ground, New Road, Worcester",1,54.6,54.6,Worcestershire,Yorkshire,AG Milton,DKH Mitchell,BO Coad,0,0,,,,,,,caught,AG Milton,,,T Kohler-Cadmore,,
1127670,2018,2018-09-24,"County Ground, New Road, Worcester",1,55.1,55.1,Worcestershire,Yorkshire,DKH Mitchell,OB Cox,JA Brooks,0,0,,,,,,,,,,,,,
1127670,2018,2018-09-24,"County Ground, New Road, Worcester",1,55.2,55.2,Worcestershire,Yorkshire,DKH Mitchell,OB Cox,JA Brooks,0,0,,,,,,,,,,,,,
1127670,2018,2018-09-24,"County Ground, New Road, Worcester",1,55.3,55.3,Worcestershire,Yorkshire,DKH Mitchell,OB Cox,JA Brooks,1,0,,,,,,,,,,,,,
1127670,2018,2018-09-24,"County Ground, New Road, Worcester",1,55.4,55.4,Worcestershire,Yorkshire,OB Cox,DKH Mitchell,JA Brooks,0,0,,,,,,,,,,,,,
1127670,2018,2018-09-24,"County Ground, New Road, Worcester",1,55.5,55.5,Worcestershire,Yorkshire,OB Cox,DKH Mitchell,JA Brooks,0,0,,,,,,,,,,,,,
1127670,2018,2018-09-24,"County Ground, New Road, Worcester",1,55.6,55.6,Worcestershire,Yorkshire,OB Cox,DKH Mitchell,JA Brooks,0,0,,,,,,,,,,,,,
1127670,2018,2018-09-24,"County Ground, New Road, Worcester",1,56.1,56.1,Worcestershire,Yorkshire,DKH Mitchell,OB Cox,BO Coad,1,0,,,,,,,,,,,,,
1127670,2018,2018-09-24,"County Ground, New Road, Worcester",1,56.2,56.2,Worcestershire,Yorkshire,OB Cox,DKH Mitchell,BO Coad,0,0,,,,,,,,,,,,,
1127670,2018,2018-09-24,"County Ground, New Road, Worcester",1,56.3,56.3,Worcestershire,Yorkshire,OB Cox,DKH Mitchell,BO Coad,0,0,,,,,,,,,,,,,
1127670,2018,2018-09-24,"County Ground, New Road, Worcester",1,56.4,56.4,Worcestershire,Yorkshire,OB Cox,DKH Mitchell,BO Coad,0,0,,,,,,,,,,,,,
1127670,2018,2018-09-24,"County Ground, New Road, Worcester",1,56.5,56.5,Worcestershire,Yorkshire,OB Cox,DKH Mitchell,BO Coad,0,0,,,,,,,,,,,,,
1127670,2018,2018-09-24,"County Ground, New Road, Worcester",1,56.6,56.6,Worcestershire,Yorkshire,OB Cox,DKH Mitchell,BO Coad,4,0,,,,,,,,,,,,,
1127670,2018,2018-09-24,"County Ground, New Road, Worcester",1,57.1,57.1,Worcestershire,Yorkshire,DKH Mitchell,OB Cox,JA Brooks,0,0,,,,,,,,,,,,,
1127670,2018,2018-09-24,"County Ground, New Road, Worcester",1,57.2,57.2,Worcestershire,Yorkshire,DKH Mitchell,OB Cox,JA Brooks,0,0,,,,,,,,,,,,,
1127670,2018,2018-09-24,"County Ground, New Road, Worcester",1,57.3,57.3,Worcestershire,Yorkshire,DKH Mitchell,OB Cox,JA Brooks,1,0,,,,,,,,,,,,,
1127670,2018,2018-09-24,"County Ground, New Road, Worcester",1,57.4,57.4,Worcestershire,Yorkshire,OB Cox,DKH Mitchell,JA Brooks,0,0,,,,,,,,,,,,,
1127670,2018,2018-09-24,"County Ground, New Road, Worcester",1,57.5,57.5,Worcestershire,Yorkshire,OB Cox,DKH Mitchell,JA Brooks,1,0,,,,,,,,,,,,,
1127670,2018,2018-09-24,"County Ground, New Road, Worcester",1,57.6,57.6,Worcestershire,Yorkshire,DKH Mitchell,OB Cox,JA Brooks,0,0,,,,,,,,,,,,,
1127670,2018,2018-09-24,"County Ground, New Road, Worcester",1,58.1,58.1,Worcestershire,Yorkshire,OB Cox,DKH Mitchell,TT Bresnan,0,0,,,,,,,,,,,,,
1127670,2018,2018-09-24,"County Ground, New Road, Worcester",1,58.2,58.2,Worcestershire,Yorkshire,OB Cox,DKH Mitchell,TT Bresnan,4,0,,,,,,,,,,,,,
1127670,2018,2018-09-24,"County Ground, New Road, Worcester",1,58.3,58.3,Worcestershire,Yorkshire,OB Cox,DKH Mitchell,TT Bresnan,0,0,,,,,,,,,,,,,
1127670,2018,2018-09-24,"County Ground, New Road, Worcester",1,58.4,58.4,Worcestershire,Yorkshire,OB Cox,DKH Mitchell,TT Bresnan,0,0,,,,,,,,,,,,,
1127670,2018,2018-09-24,"County Ground, New Road, Worcester",1,58.5,58.5,Worcestershire,Yorkshire,OB Cox,DKH Mitchell,TT Bresnan,0,0,,,,,,,,,,,,,
1127670,2018,2018-09-24,"County Ground, New Road, Worcester",1,58.6,58.6,Worcestershire,Yorkshire,OB Cox,DKH Mitchell,TT Bresnan,0,0,,,,,,,,,,,,,
1127670,2018,2018-09-24,"County Ground, New Road, Worcester",1,59.1,59.1,Worcestershire,Yorkshire,DKH Mitchell,OB Cox,JA Brooks,0,0,,,,,,,,,,,,,
1127670,2018,2018-09-24,"County Ground, New Road, Worcester",1,59.2,59.2,Worcestershire,Yorkshire,DKH Mitchell,OB Cox,JA Brooks,1,0,,,,,,,,,,,,,
1127670,2018,2018-09-24,"County Ground, New Road, Worcester",1,59.3,59.3,Worcestershire,Yorkshire,OB Cox,DKH Mitchell,JA Brooks,0,0,,,,,,,,,,,,,
1127670,2018,2018-09-24,"County Ground, New Road, Worcester",1,59.4,59.4,Worcestershire,Yorkshire,OB Cox,DKH Mitchell,JA Brooks,0,0,,,,,,,lbw,OB Cox,,,,,
1127670,2018,2018-09-24,"County Ground, New Road, Worcester",1,59.5,59.5,Worcestershire,Yorkshire,EG Barnard,DKH Mitchell,JA Brooks,4,0,,,,,,,,,,,,,
1127670,2018,2018-09-24,"County Ground, New Road, Worcester",1,59.6,59.6,Worcestershire,Yorkshire,EG Barnard,DKH Mitchell,JA Brooks,0,1,,,,1,,,,,,,,,
1127670,2018,2018-09-24,"County Ground, New Road, Worcester",1,60.1,60.1,Worcestershire,Yorkshire,EG Barnard,DKH Mitchell,TT Bresnan,0,0,,,,,,,,,,,,,
1127670,2018,2018-09-24,"County Ground, New Road, Worcester",1,60.2,60.2,Worcestershire,Yorkshire,EG Barnard,DKH Mitchell,TT Bresnan,0,0,,,,,,,,,,,,,
1127670,2018,2018-09-24,"County Ground, New Road, Worcester",1,60.3,60.3,Worcestershire,Yorkshire,EG Barnard,DKH Mitchell,TT Bresnan,0,0,,,,,,,,,,,,,
1127670,2018,2018-09-24,"County Ground, New Road, Worcester",1,60.4,60.4,Worcestershire,Yorkshire,EG Barnard,DKH Mitchell,TT Bresnan,0,0,,,,,,,,,,,,,
1127670,2018,2018-09-24,"County Ground, New Road, Worcester",1,60.5,60.5,Worcestershire,Yorkshire,EG Barnard,DKH Mitchell,TT Bresnan,0,0,,,,,,,,,,,,,
1127670,2018,2018-09-24,"County Ground, New Road, Worcester",1,60.6,60.6,Worcestershire,Yorkshire,EG Barnard,DKH Mitchell,TT Bresnan,0,0,,,,,,,,,,,,,
1127670,2018,2018-09-24,"County Ground, New Road, Worcester",1,61.1,61.1,Worcestershire,Yorkshire,DKH Mitchell,EG Barnard,JA Brooks,0,0,,,,,,,,,,,,,
1127670,2018,2018-09-24,"County Ground, New Road, Worcester",1,61.2,61.2,Worcestershire,Yorkshire,DKH Mitchell,EG Barnard,JA Brooks,0,0,,,,,,,,,,,,,
1127670,2018,2018-09-24,"County Ground, New Road, Worcester",1,61.3,61.3,Worcestershire,Yorkshire,DKH Mitchell,EG Barnard,JA Brooks,0,0,,,,,,,,,,,,,
1127670,2018,2018-09-24,"County Ground, New Road, Worcester",1,61.4,61.4,Worcestershire,Yorkshire,DKH Mitchell,EG Barnard,JA Brooks,0,0,,,,,,,,,,,,,
1127670,2018,2018-09-24,"County Ground, New Road, Worcester",1,61.5,61.5,Worcestershire,Yorkshire,DKH Mitchell,EG Barnard,JA Brooks,0,0,,,,,,,,,,,,,
1127670,2018,2018-09-24,"County Ground, New Road, Worcester",1,61.6,61.6,Worcestershire,Yorkshire,DKH Mitchell,EG Barnard,JA Brooks,0,0,,,,,,,,,,,,,
1127670,2018,2018-09-24,"County Ground, New Road, Worcester",1,62.1,62.1,Worcestershire,Yorkshire,EG Barnard,DKH Mitchell,TT Bresnan,0,0,,,,,,,,,,,,,
1127670,2018,2018-09-24,"County Ground, New Road, Worcester",1,62.2,62.2,Worcestershire,Yorkshire,EG Barnard,DKH Mitchell,TT Bresnan,1,0,,,,,,,,,,,,,
1127670,2018,2018-09-24,"County Ground, New Road, Worcester",1,62.3,62.3,Worcestershire,Yorkshire,DKH Mitchell,EG Barnard,TT Bresnan,0,0,,,,,,,,,,,,,
1127670,2018,2018-09-24,"County Ground, New Road, Worcester",1,62.4,62.4,Worcestershire,Yorkshire,DKH Mitchell,EG Barnard,TT Bresnan,0,0,,,,,,,,,,,,,
1127670,2018,2018-09-24,"County Ground, New Road, Worcester",1,62.5,62.5,Worcestershire,Yorkshire,DKH Mitchell,EG Barnard,TT Bresnan,4,0,,,,,,,,,,,,,
1127670,2018,2018-09-24,"County Ground, New Road, Worcester",1,62.6,62.6,Worcestershire,Yorkshire,DKH Mitchell,EG Barnard,TT Bresnan,1,0,,,,,,,,,,,,,
1127670,2018,2018-09-24,"County Ground, New Road, Worcester",1,63.1,63.1,Worcestershire,Yorkshire,DKH Mitchell,EG Barnard,JEG Logan,0,0,,,,,,,,,,,,,
1127670,2018,2018-09-24,"County Ground, New Road, Worcester",1,63.2,63.2,Worcestershire,Yorkshire,DKH Mitchell,EG Barnard,JEG Logan,1,0,,,,,,,,,,,,,
1127670,2018,2018-09-24,"County Ground, New Road, Worcester",1,63.3,63.3,Worcestershire,Yorkshire,EG Barnard,DKH Mitchell,JEG Logan,0,0,,,,,,,,,,,,,
1127670,2018,2018-09-24,"County Ground, New Road, Worcester",1,63.4,63.4,Worcestershire,Yorkshire,EG Barnard,DKH Mitchell,JEG Logan,0,0,,,,,,,,,,,,,
1127670,2018,2018-09-24,"County Ground, New Road, Worcester",1,63.5,63.5,Worcestershire,Yorkshire,EG Barnard,DKH Mitchell,JEG Logan,0,0,,,,,,,,,,,,,
1127670,2018,2018-09-24,"County Ground, New Road, Worcester",1,63.6,63.6,Worcestershire,Yorkshire,EG Barnard,DKH Mitchell,JEG Logan,0,0,,,,,,,,,,,,,
1127670,2018,2018-09-24,"County Ground, New Road, Worcester",1,64.1,64.1,Worcestershire,Yorkshire,DKH Mitchell,EG Barnard,BO Coad,1,0,,,,,,,,,,,,,
1127670,2018,2018-09-24,"County Ground, New Road, Worcester",1,64.2,64.2,Worcestershire,Yorkshire,EG Barnard,DKH Mitchell,BO Coad,1,0,,,,,,,,,,,,,
1127670,2018,2018-09-24,"County Ground, New Road, Worcester",1,64.3,64.3,Worcestershire,Yorkshire,DKH Mitchell,EG Barnard,BO Coad,2,0,,,,,,,,,,,,,
1127670,2018,2018-09-24,"County Ground, New Road, Worcester",1,64.4,64.4,Worcestershire,Yorkshire,DKH Mitchell,EG Barnard,BO Coad,0,0,,,,,,,,,,,,,
1127670,2018,2018-09-24,"County Ground, New Road, Worcester",1,64.5,64.5,Worcestershire,Yorkshire,DKH Mitchell,EG Barnard,BO Coad,0,0,,,,,,,,,,,,,
1127670,2018,2018-09-24,"County Ground, New Road, Worcester",1,64.6,64.6,Worcestershire,Yorkshire,DKH Mitchell,EG Barnard,BO Coad,4,0,,,,,,,,,,,,,
1127670,2018,2018-09-24,"County Ground, New Road, Worcester",1,65.1,65.1,Worcestershire,Yorkshire,EG Barnard,DKH Mitchell,SA Patterson,0,0,,,,,,,,,,,,,
1127670,2018,2018-09-24,"County Ground, New Road, Worcester",1,65.2,65.2,Worcestershire,Yorkshire,EG Barnard,DKH Mitchell,SA Patterson,0,0,,,,,,,,,,,,,
1127670,2018,2018-09-24,"County Ground, New Road, Worcester",1,65.3,65.3,Worcestershire,Yorkshire,EG Barnard,DKH Mitchell,SA Patterson,0,0,,,,,,,,,,,,,
1127670,2018,2018-09-24,"County Ground, New Road, Worcester",1,65.4,65.4,Worcestershire,Yorkshire,EG Barnard,DKH Mitchell,SA Patterson,0,0,,,,,,,,,,,,,
1127670,2018,2018-09-24,"County Ground, New Road, Worcester",1,65.5,65.5,Worcestershire,Yorkshire,EG Barnard,DKH Mitchell,SA Patterson,0,0,,,,,,,,,,,,,
1127670,2018,2018-09-24,"County Ground, New Road, Worcester",1,65.6,65.6,Worcestershire,Yorkshire,EG Barnard,DKH Mitchell,SA Patterson,0,0,,,,,,,,,,,,,
1127670,2018,2018-09-24,"County Ground, New Road, Worcester",1,66.1,66.1,Worcestershire,Yorkshire,DKH Mitchell,EG Barnard,BO Coad,1,0,,,,,,,,,,,,,
1127670,2018,2018-09-24,"County Ground, New Road, Worcester",1,66.2,66.2,Worcestershire,Yorkshire,EG Barnard,DKH Mitchell,BO Coad,0,0,,,,,,,,,,,,,
1127670,2018,2018-09-24,"County Ground, New Road, Worcester",1,66.3,66.3,Worcestershire,Yorkshire,EG Barnard,DKH Mitchell,BO Coad,4,0,,,,,,,,,,,,,
1127670,2018,2018-09-24,"County Ground, New Road, Worcester",1,66.4,66.4,Worcestershire,Yorkshire,EG Barnard,DKH Mitchell,BO Coad,0,0,,,,,,,,,,,,,
1127670,2018,2018-09-24,"County Ground, New Road, Worcester",1,66.5,66.5,Worcestershire,Yorkshire,EG Barnard,DKH Mitchell,BO Coad,0,0,,,,,,,,,,,,,
1127670,2018,2018-09-24,"County Ground, New Road, Worcester",1,66.6,66.6,Worcestershire,Yorkshire,EG Barnard,DKH Mitchell,BO Coad,0,0,,,,,,,,,,,,,
1127670,2018,2018-09-24,"County Ground, New Road, Worcester",1,67.1,67.1,Worcestershire,Yorkshire,DKH Mitchell,EG Barnard,SA Patterson,0,0,,,,,,,,,,,,,
1127670,2018,2018-09-24,"County Ground, New Road, Worcester",1,67.2,67.2,Worcestershire,Yorkshire,DKH Mitchell,EG Barnard,SA Patterson,0,0,,,,,,,,,,,,,
1127670,2018,2018-09-24,"County Ground, New Road, Worcester",1,67.3,67.3,Worcestershire,Yorkshire,DKH Mitchell,EG Barnard,SA Patterson,0,1,,,,1,,,,,,,,,
1127670,2018,2018-09-24,"County Ground, New Road, Worcester",1,67.4,67.4,Worcestershire,Yorkshire,EG Barnard,DKH Mitchell,SA Patterson,0,0,,,,,,,,,,,,,
1127670,2018,2018-09-24,"County Ground, New Road, Worcester",1,67.5,67.5,Worcestershire,Yorkshire,EG Barnard,DKH Mitchell,SA Patterson,0,0,,,,,,,,,,,,,
1127670,2018,2018-09-24,"County Ground, New Road, Worcester",1,67.6,67.6,Worcestershire,Yorkshire,EG Barnard,DKH Mitchell,SA Patterson,0,0,,,,,,,,,,,,,
1127670,2018,2018-09-24,"County Ground, New Road, Worcester",1,68.1,68.1,Worcestershire,Yorkshire,DKH Mitchell,EG Barnard,JEG Logan,0,0,,,,,,,,,,,,,
1127670,2018,2018-09-24,"County Ground, New Road, Worcester",1,68.2,68.2,Worcestershire,Yorkshire,DKH Mitchell,EG Barnard,JEG Logan,0,0,,,,,,,,,,,,,
1127670,2018,2018-09-24,"County Ground, New Road, Worcester",1,68.3,68.3,Worcestershire,Yorkshire,DKH Mitchell,EG Barnard,JEG Logan,0,0,,,,,,,,,,,,,
1127670,2018,2018-09-24,"County Ground, New Road, Worcester",1,68.4,68.4,Worcestershire,Yorkshire,DKH Mitchell,EG Barnard,JEG Logan,0,0,,,,,,,,,,,,,
1127670,2018,2018-09-24,"County Ground, New Road, Worcester",1,68.5,68.5,Worcestershire,Yorkshire,DKH Mitchell,EG Barnard,JEG Logan,0,0,,,,,,,,,,,,,
1127670,2018,2018-09-24,"County Ground, New Road, Worcester",1,68.6,68.6,Worcestershire,Yorkshire,DKH Mitchell,EG Barnard,JEG Logan,0,0,,,,,,,,,,,,,
1127670,2018,2018-09-24,"County Ground, New Road, Worcester",1,69.1,69.1,Worcestershire,Yorkshire,EG Barnard,DKH Mitchell,SA Patterson,2,0,,,,,,,,,,,,,
1127670,2018,2018-09-24,"County Ground, New Road, Worcester",1,69.2,69.2,Worcestershire,Yorkshire,EG Barnard,DKH Mitchell,SA Patterson,1,0,,,,,,,,,,,,,
1127670,2018,2018-09-24,"County Ground, New Road, Worcester",1,69.3,69.3,Worcestershire,Yorkshire,DKH Mitchell,EG Barnard,SA Patterson,0,0,,,,,,,,,,,,,
1127670,2018,2018-09-24,"County Ground, New Road, Worcester",1,69.4,69.4,Worcestershire,Yorkshire,DKH Mitchell,EG Barnard,SA Patterson,0,0,,,,,,,,,,,,,
1127670,2018,2018-09-24,"County Ground, New Road, Worcester",1,69.5,69.5,Worcestershire,Yorkshire,DKH Mitchell,EG Barnard,SA Patterson,4,0,,,,,,,,,,,,,
1127670,2018,2018-09-24,"County Ground, New Road, Worcester",1,69.6,69.6,Worcestershire,Yorkshire,DKH Mitchell,EG Barnard,SA Patterson,0,0,,,,,,,,,,,,,
1127670,2018,2018-09-24,"County Ground, New Road, Worcester",1,70.1,70.1,Worcestershire,Yorkshire,EG Barnard,DKH Mitchell,JEG Logan,0,0,,,,,,,,,,,,,
1127670,2018,2018-09-24,"County Ground, New Road, Worcester",1,70.2,70.2,Worcestershire,Yorkshire,EG Barnard,DKH Mitchell,JEG Logan,0,0,,,,,,,,,,,,,
1127670,2018,2018-09-24,"County Ground, New Road, Worcester",1,70.3,70.3,Worcestershire,Yorkshire,EG Barnard,DKH Mitchell,JEG Logan,0,0,,,,,,,,,,,,,
1127670,2018,2018-09-24,"County Ground, New Road, Worcester",1,70.4,70.4,Worcestershire,Yorkshire,EG Barnard,DKH Mitchell,JEG Logan,0,0,,,,,,,,,,,,,
1127670,2018,2018-09-24,"County Ground, New Road, Worcester",1,70.5,70.5,Worcestershire,Yorkshire,EG Barnard,DKH Mitchell,JEG Logan,1,0,,,,,,,,,,,,,
1127670,2018,2018-09-24,"County Ground, New Road, Worcester",1,70.6,70.6,Worcestershire,Yorkshire,DKH Mitchell,EG Barnard,JEG Logan,4,0,,,,,,,,,,,,,
1127670,2018,2018-09-24,"County Ground, New Road, Worcester",1,71.1,71.1,Worcestershire,Yorkshire,EG Barnard,DKH Mitchell,SA Patterson,0,0,,,,,,,,,,,,,
1127670,2018,2018-09-24,"County Ground, New Road, Worcester",1,71.2,71.2,Worcestershire,Yorkshire,EG Barnard,DKH Mitchell,SA Patterson,0,0,,,,,,,,,,,,,
1127670,2018,2018-09-24,"County Ground, New Road, Worcester",1,71.3,71.3,Worcestershire,Yorkshire,EG Barnard,DKH Mitchell,SA Patterson,0,0,,,,,,,,,,,,,
1127670,2018,2018-09-24,"County Ground, New Road, Worcester",1,71.4,71.4,Worcestershire,Yorkshire,EG Barnard,DKH Mitchell,SA Patterson,0,1,,,,1,,,,,,,,,
1127670,2018,2018-09-24,"County Ground, New Road, Worcester",1,71.5,71.5,Worcestershire,Yorkshire,DKH Mitchell,EG Barnard,SA Patterson,2,0,,,,,,,,,,,,,
1127670,2018,2018-09-24,"County Ground, New Road, Worcester",1,71.6,71.6,Worcestershire,Yorkshire,DKH Mitchell,EG Barnard,SA Patterson,0,0,,,,,,,,,,,,,
1127670,2018,2018-09-24,"County Ground, New Road, Worcester",1,72.1,72.1,Worcestershire,Yorkshire,EG Barnard,DKH Mitchell,JEG Logan,0,0,,,,,,,,,,,,,
1127670,2018,2018-09-24,"County Ground, New Road, Worcester",1,72.2,72.2,Worcestershire,Yorkshire,EG Barnard,DKH Mitchell,JEG Logan,0,0,,,,,,,,,,,,,
1127670,2018,2018-09-24,"County Ground, New Road, Worcester",1,72.3,72.3,Worcestershire,Yorkshire,EG Barnard,DKH Mitchell,JEG Logan,0,0,,,,,,,,,,,,,
1127670,2018,2018-09-24,"County Ground, New Road, Worcester",1,72.4,72.4,Worcestershire,Yorkshire,EG Barnard,DKH Mitchell,JEG Logan,2,0,,,,,,,,,,,,,
1127670,2018,2018-09-24,"County Ground, New Road, Worcester",1,72.5,72.5,Worcestershire,Yorkshire,EG Barnard,DKH Mitchell,JEG Logan,0,0,,,,,,,,,,,,,
1127670,2018,2018-09-24,"County Ground, New Road, Worcester",1,72.6,72.6,Worcestershire,Yorkshire,EG Barnard,DKH Mitchell,JEG Logan,4,0,,,,,,,,,,,,,
1127670,2018,2018-09-24,"County Ground, New Road, Worcester",1,73.1,73.1,Worcestershire,Yorkshire,DKH Mitchell,EG Barnard,SA Patterson,1,0,,,,,,,,,,,,,
1127670,2018,2018-09-24,"County Ground, New Road, Worcester",1,73.2,73.2,Worcestershire,Yorkshire,EG Barnard,DKH Mitchell,SA Patterson,2,0,,,,,,,,,,,,,
1127670,2018,2018-09-24,"County Ground, New Road, Worcester",1,73.3,73.3,Worcestershire,Yorkshire,EG Barnard,DKH Mitchell,SA Patterson,0,0,,,,,,,,,,,,,
1127670,2018,2018-09-24,"County Ground, New Road, Worcester",1,73.4,73.4,Worcestershire,Yorkshire,EG Barnard,DKH Mitchell,SA Patterson,0,0,,,,,,,,,,,,,
1127670,2018,2018-09-24,"County Ground, New Road, Worcester",1,73.5,73.5,Worcestershire,Yorkshire,EG Barnard,DKH Mitchell,SA Patterson,2,0,,,,,,,,,,,,,
1127670,2018,2018-09-24,"County Ground, New Road, Worcester",1,73.6,73.6,Worcestershire,Yorkshire,EG Barnard,DKH Mitchell,SA Patterson,0,0,,,,,,,,,,,,,
1127670,2018,2018-09-24,"County Ground, New Road, Worcester",1,74.1,74.1,Worcestershire,Yorkshire,DKH Mitchell,EG Barnard,JEG Logan,0,0,,,,,,,,,,,,,
1127670,2018,2018-09-24,"County Ground, New Road, Worcester",1,74.2,74.2,Worcestershire,Yorkshire,DKH Mitchell,EG Barnard,JEG Logan,0,0,,,,,,,,,,,,,
1127670,2018,2018-09-24,"County Ground, New Road, Worcester",1,74.3,74.3,Worcestershire,Yorkshire,DKH Mitchell,EG Barnard,JEG Logan,1,0,,,,,,,,,,,,,
1127670,2018,2018-09-24,"County Ground, New Road, Worcester",1,74.4,74.4,Worcestershire,Yorkshire,EG Barnard,DKH Mitchell,JEG Logan,0,0,,,,,,,,,,,,,
1127670,2018,2018-09-24,"County Ground, New Road, Worcester",1,74.5,74.5,Worcestershire,Yorkshire,EG Barnard,DKH Mitchell,JEG Logan,4,0,,,,,,,,,,,,,
1127670,2018,2018-09-24,"County Ground, New Road, Worcester",1,74.6,74.6,Worcestershire,Yorkshire,EG Barnard,DKH Mitchell,JEG Logan,0,0,,,,,,,,,,,,,
1127670,2018,2018-09-24,"County Ground, New Road, Worcester",1,75.1,75.1,Worcestershire,Yorkshire,DKH Mitchell,EG Barnard,SA Patterson,0,0,,,,,,,,,,,,,
1127670,2018,2018-09-24,"County Ground, New Road, Worcester",1,75.2,75.2,Worcestershire,Yorkshire,DKH Mitchell,EG Barnard,SA Patterson,0,0,,,,,,,,,,,,,
1127670,2018,2018-09-24,"County Ground, New Road, Worcester",1,75.3,75.3,Worcestershire,Yorkshire,DKH Mitchell,EG Barnard,SA Patterson,4,0,,,,,,,,,,,,,
1127670,2018,2018-09-24,"County Ground, New Road, Worcester",1,75.4,75.4,Worcestershire,Yorkshire,DKH Mitchell,EG Barnard,SA Patterson,1,0,,,,,,,,,,,,,
1127670,2018,2018-09-24,"County Ground, New Road, Worcester",1,75.5,75.5,Worcestershire,Yorkshire,EG Barnard,DKH Mitchell,SA Patterson,0,0,,,,,,,,,,,,,
1127670,2018,2018-09-24,"County Ground, New Road, Worcester",1,75.6,75.6,Worcestershire,Yorkshire,EG Barnard,DKH Mitchell,SA Patterson,4,0,,,,,,,,,,,,,
1127670,2018,2018-09-24,"County Ground, New Road, Worcester",1,76.1,76.1,Worcestershire,Yorkshire,DKH Mitchell,EG Barnard,JEG Logan,0,0,,,,,,,,,,,,,
1127670,2018,2018-09-24,"County Ground, New Road, Worcester",1,76.2,76.2,Worcestershire,Yorkshire,DKH Mitchell,EG Barnard,JEG Logan,4,0,,,,,,,,,,,,,
1127670,2018,2018-09-24,"County Ground, New Road, Worcester",1,76.3,76.3,Worcestershire,Yorkshire,DKH Mitchell,EG Barnard,JEG Logan,0,0,,,,,,,,,,,,,
1127670,2018,2018-09-24,"County Ground, New Road, Worcester",1,76.4,76.4,Worcestershire,Yorkshire,DKH Mitchell,EG Barnard,JEG Logan,0,0,,,,,,,,,,,,,
1127670,2018,2018-09-24,"County Ground, New Road, Worcester",1,76.5,76.5,Worcestershire,Yorkshire,DKH Mitchell,EG Barnard,JEG Logan,1,0,,,,,,,,,,,,,
1127670,2018,2018-09-24,"County Ground, New Road, Worcester",1,76.6,76.6,Worcestershire,Yorkshire,EG Barnard,DKH Mitchell,JEG Logan,0,0,,,,,,,,,,,,,
1127670,2018,2018-09-24,"County Ground, New Road, Worcester",1,77.1,77.1,Worcestershire,Yorkshire,DKH Mitchell,EG Barnard,JA Leaning,0,0,,,,,,,,,,,,,
1127670,2018,2018-09-24,"County Ground, New Road, Worcester",1,77.2,77.2,Worcestershire,Yorkshire,DKH Mitchell,EG Barnard,JA Leaning,2,0,,,,,,,,,,,,,
1127670,2018,2018-09-24,"County Ground, New Road, Worcester",1,77.3,77.3,Worcestershire,Yorkshire,DKH Mitchell,EG Barnard,JA Leaning,1,0,,,,,,,,,,,,,
1127670,2018,2018-09-24,"County Ground, New Road, Worcester",1,77.4,77.4,Worcestershire,Yorkshire,EG Barnard,DKH Mitchell,JA Leaning,0,0,,,,,,,,,,,,,
1127670,2018,2018-09-24,"County Ground, New Road, Worcester",1,77.5,77.5,Worcestershire,Yorkshire,EG Barnard,DKH Mitchell,JA Leaning,0,0,,,,,,,,,,,,,
1127670,2018,2018-09-24,"County Ground, New Road, Worcester",1,77.6,77.6,Worcestershire,Yorkshire,EG Barnard,DKH Mitchell,JA Leaning,0,0,,,,,,,,,,,,,
1127670,2018,2018-09-24,"County Ground, New Road, Worcester",1,78.1,78.1,Worcestershire,Yorkshire,DKH Mitchell,EG Barnard,JEG Logan,0,0,,,,,,,,,,,,,
1127670,2018,2018-09-24,"County Ground, New Road, Worcester",1,78.2,78.2,Worcestershire,Yorkshire,DKH Mitchell,EG Barnard,JEG Logan,0,0,,,,,,,,,,,,,
1127670,2018,2018-09-24,"County Ground, New Road, Worcester",1,78.3,78.3,Worcestershire,Yorkshire,DKH Mitchell,EG Barnard,JEG Logan,0,0,,,,,,,,,,,,,
1127670,2018,2018-09-24,"County Ground, New Road, Worcester",1,78.4,78.4,Worcestershire,Yorkshire,DKH Mitchell,EG Barnard,JEG Logan,0,0,,,,,,,,,,,,,
1127670,2018,2018-09-24,"County Ground, New Road, Worcester",1,78.5,78.5,Worcestershire,Yorkshire,DKH Mitchell,EG Barnard,JEG Logan,0,0,,,,,,,,,,,,,
1127670,2018,2018-09-24,"County Ground, New Road, Worcester",1,78.6,78.6,Worcestershire,Yorkshire,DKH Mitchell,EG Barnard,JEG Logan,0,0,,,,,,,,,,,,,
1127670,2018,2018-09-24,"County Ground, New Road, Worcester",1,79.1,79.1,Worcestershire,Yorkshire,EG Barnard,DKH Mitchell,JA Leaning,0,0,,,,,,,,,,,,,
1127670,2018,2018-09-24,"County Ground, New Road, Worcester",1,79.2,79.2,Worcestershire,Yorkshire,EG Barnard,DKH Mitchell,JA Leaning,0,0,,,,,,,,,,,,,
1127670,2018,2018-09-24,"County Ground, New Road, Worcester",1,79.3,79.3,Worcestershire,Yorkshire,EG Barnard,DKH Mitchell,JA Leaning,0,0,,,,,,,,,,,,,
1127670,2018,2018-09-24,"County Ground, New Road, Worcester",1,79.4,79.4,Worcestershire,Yorkshire,EG Barnard,DKH Mitchell,JA Leaning,1,0,,,,,,,,,,,,,
1127670,2018,2018-09-24,"County Ground, New Road, Worcester",1,79.5,79.5,Worcestershire,Yorkshire,DKH Mitchell,EG Barnard,JA Leaning,1,0,,,,,,,,,,,,,
1127670,2018,2018-09-24,"County Ground, New Road, Worcester",1,79.6,79.6,Worcestershire,Yorkshire,EG Barnard,DKH Mitchell,JA Leaning,0,0,,,,,,,,,,,,,
1127670,2018,2018-09-24,"County Ground, New Road, Worcester",1,80.1,80.1,Worcestershire,Yorkshire,DKH Mitchell,EG Barnard,BO Coad,1,0,,,,,,,,,,,,,
1127670,2018,2018-09-24,"County Ground, New Road, Worcester",1,80.2,80.2,Worcestershire,Yorkshire,EG Barnard,DKH Mitchell,BO Coad,1,0,,,,,,,,,,,,,
1127670,2018,2018-09-24,"County Ground, New Road, Worcester",1,80.3,80.3,Worcestershire,Yorkshire,DKH Mitchell,EG Barnard,BO Coad,1,0,,,,,,,,,,,,,
1127670,2018,2018-09-24,"County Ground, New Road, Worcester",1,80.4,80.4,Worcestershire,Yorkshire,EG Barnard,DKH Mitchell,BO Coad,0,0,,,,,,,,,,,,,
1127670,2018,2018-09-24,"County Ground, New Road, Worcester",1,80.5,80.5,Worcestershire,Yorkshire,EG Barnard,DKH Mitchell,BO Coad,0,0,,,,,,,,,,,,,
1127670,2018,2018-09-24,"County Ground, New Road, Worcester",1,80.6,80.6,Worcestershire,Yorkshire,EG Barnard,DKH Mitchell,BO Coad,0,0,,,,,,,,,,,,,
1127670,2018,2018-09-24,"County Ground, New Road, Worcester",1,81.1,81.1,Worcestershire,Yorkshire,DKH Mitchell,EG Barnard,JA Brooks,0,0,,,,,,,,,,,,,
1127670,2018,2018-09-24,"County Ground, New Road, Worcester",1,81.2,81.2,Worcestershire,Yorkshire,DKH Mitchell,EG Barnard,JA Brooks,0,0,,,,,,,,,,,,,
1127670,2018,2018-09-24,"County Ground, New Road, Worcester",1,81.3,81.3,Worcestershire,Yorkshire,DKH Mitchell,EG Barnard,JA Brooks,0,0,,,,,,,,,,,,,
1127670,2018,2018-09-24,"County Ground, New Road, Worcester",1,81.4,81.4,Worcestershire,Yorkshire,DKH Mitchell,EG Barnard,JA Brooks,4,0,,,,,,,,,,,,,
1127670,2018,2018-09-24,"County Ground, New Road, Worcester",1,81.5,81.5,Worcestershire,Yorkshire,DKH Mitchell,EG Barnard,JA Brooks,1,0,,,,,,,,,,,,,
1127670,2018,2018-09-24,"County Ground, New Road, Worcester",1,81.6,81.6,Worcestershire,Yorkshire,EG Barnard,DKH Mitchell,JA Brooks,0,0,,,,,,,,,,,,,
1127670,2018,2018-09-24,"County Ground, New Road, Worcester",1,82.1,82.1,Worcestershire,Yorkshire,DKH Mitchell,EG Barnard,BO Coad,0,0,,,,,,,,,,,,,
1127670,2018,2018-09-24,"County Ground, New Road, Worcester",1,82.2,82.2,Worcestershire,Yorkshire,DKH Mitchell,EG Barnard,BO Coad,0,0,,,,,,,,,,,,,
1127670,2018,2018-09-24,"County Ground, New Road, Worcester",1,82.3,82.3,Worcestershire,Yorkshire,DKH Mitchell,EG Barnard,BO Coad,4,0,,,,,,,,,,,,,
1127670,2018,2018-09-24,"County Ground, New Road, Worcester",1,82.4,82.4,Worcestershire,Yorkshire,DKH Mitchell,EG Barnard,BO Coad,0,0,,,,,,,,,,,,,
1127670,2018,2018-09-24,"County Ground, New Road, Worcester",1,82.5,82.5,Worcestershire,Yorkshire,DKH Mitchell,EG Barnard,BO Coad,0,0,,,,,,,,,,,,,
1127670,2018,2018-09-24,"County Ground, New Road, Worcester",1,82.6,82.6,Worcestershire,Yorkshire,DKH Mitchell,EG Barnard,BO Coad,0,0,,,,,,,,,,,,,
1127670,2018,2018-09-24,"County Ground, New Road, Worcester",1,83.1,83.1,Worcestershire,Yorkshire,EG Barnard,DKH Mitchell,JA Brooks,0,0,,,,,,,,,,,,,
1127670,2018,2018-09-24,"County Ground, New Road, Worcester",1,83.2,83.2,Worcestershire,Yorkshire,EG Barnard,DKH Mitchell,JA Brooks,0,0,,,,,,,lbw,EG Barnard,,,,,
1127670,2018,2018-09-24,"County Ground, New Road, Worcester",1,83.3,83.3,Worcestershire,Yorkshire,WD Parnell,DKH Mitchell,JA Brooks,0,0,,,,,,,caught,WD Parnell,,,A Lyth,,
1127670,2018,2018-09-24,"County Ground, New Road, Worcester",1,83.4,83.4,Worcestershire,Yorkshire,BJ Twohig,DKH Mitchell,JA Brooks,1,2,,2,,,,,,,,,,,
1127670,2018,2018-09-24,"County Ground, New Road, Worcester",1,83.5,83.4,Worcestershire,Yorkshire,DKH Mitchell,BJ Twohig,JA Brooks,1,0,,,,,,,,,,,,,
1127670,2018,2018-09-24,"County Ground, New Road, Worcester",1,83.6,83.5,Worcestershire,Yorkshire,BJ Twohig,DKH Mitchell,JA Brooks,0,0,,,,,,,,,,,,,
1127670,2018,2018-09-24,"County Ground, New Road, Worcester",1,83.7,83.6,Worcestershire,Yorkshire,BJ Twohig,DKH Mitchell,JA Brooks,0,0,,,,,,,,,,,,,
1127670,2018,2018-09-24,"County Ground, New Road, Worcester",1,84.1,84.1,Worcestershire,Yorkshire,DKH Mitchell,BJ Twohig,BO Coad,1,0,,,,,,,,,,,,,
1127670,2018,2018-09-24,"County Ground, New Road, Worcester",1,84.2,84.2,Worcestershire,Yorkshire,BJ Twohig,DKH Mitchell,BO Coad,0,1,,,,1,,,,,,,,,
1127670,2018,2018-09-24,"County Ground, New Road, Worcester",1,84.3,84.3,Worcestershire,Yorkshire,DKH Mitchell,BJ Twohig,BO Coad,4,0,,,,,,,,,,,,,
1127670,2018,2018-09-24,"County Ground, New Road, Worcester",1,84.4,84.4,Worcestershire,Yorkshire,DKH Mitchell,BJ Twohig,BO Coad,1,0,,,,,,,,,,,,,
1127670,2018,2018-09-24,"County Ground, New Road, Worcester",1,84.5,84.5,Worcestershire,Yorkshire,BJ Twohig,DKH Mitchell,BO Coad,0,0,,,,,,,,,,,,,
1127670,2018,2018-09-24,"County Ground, New Road, Worcester",1,84.6,84.6,Worcestershire,Yorkshire,BJ Twohig,DKH Mitchell,BO Coad,0,0,,,,,,,,,,,,,
1127670,2018,2018-09-24,"County Ground, New Road, Worcester",1,85.1,85.1,Worcestershire,Yorkshire,DKH Mitchell,BJ Twohig,JA Brooks,4,0,,,,,,,,,,,,,
1127670,2018,2018-09-24,"County Ground, New Road, Worcester",1,85.2,85.2,Worcestershire,Yorkshire,DKH Mitchell,BJ Twohig,JA Brooks,0,0,,,,,,,caught,DKH Mitchell,,,JEG Logan,,
1127670,2018,2018-09-24,"County Ground, New Road, Worcester",1,85.3,85.3,Worcestershire,Yorkshire,BJ Twohig,JC Tongue,JA Brooks,0,0,,,,,,,,,,,,,
1127670,2018,2018-09-24,"County Ground, New Road, Worcester",1,85.4,85.4,Worcestershire,Yorkshire,BJ Twohig,JC Tongue,JA Brooks,0,0,,,,,,,,,,,,,
1127670,2018,2018-09-24,"County Ground, New Road, Worcester",1,85.5,85.5,Worcestershire,Yorkshire,BJ Twohig,JC Tongue,JA Brooks,0,0,,,,,,,,,,,,,
1127670,2018,2018-09-24,"County Ground, New Road, Worcester",1,85.6,85.6,Worcestershire,Yorkshire,BJ Twohig,JC Tongue,JA Brooks,4,0,,,,,,,,,,,,,
1127670,2018,2018-09-24,"County Ground, New Road, Worcester",1,86.1,86.1,Worcestershire,Yorkshire,JC Tongue,BJ Twohig,BO Coad,0,0,,,,,,,,,,,,,
1127670,2018,2018-09-24,"County Ground, New Road, Worcester",1,86.2,86.2,Worcestershire,Yorkshire,JC Tongue,BJ Twohig,BO Coad,0,0,,,,,,,,,,,,,
1127670,2018,2018-09-24,"County Ground, New Road, Worcester",1,86.3,86.3,Worcestershire,Yorkshire,JC Tongue,BJ Twohig,BO Coad,0,0,,,,,,,,,,,,,
1127670,2018,2018-09-24,"County Ground, New Road, Worcester",1,86.4,86.4,Worcestershire,Yorkshire,JC Tongue,BJ Twohig,BO Coad,0,0,,,,,,,,,,,,,
1127670,2018,2018-09-24,"County Ground, New Road, Worcester",1,86.5,86.5,Worcestershire,Yorkshire,JC Tongue,BJ Twohig,BO Coad,0,0,,,,,,,,,,,,,
1127670,2018,2018-09-24,"County Ground, New Road, Worcester",1,86.6,86.6,Worcestershire,Yorkshire,JC Tongue,BJ Twohig,BO Coad,0,0,,,,,,,,,,,,,
1127670,2018,2018-09-24,"County Ground, New Road, Worcester",1,87.1,87.1,Worcestershire,Yorkshire,BJ Twohig,JC Tongue,JA Brooks,4,0,,,,,,,,,,,,,
1127670,2018,2018-09-24,"County Ground, New Road, Worcester",1,87.2,87.2,Worcestershire,Yorkshire,BJ Twohig,JC Tongue,JA Brooks,0,0,,,,,,,,,,,,,
1127670,2018,2018-09-24,"County Ground, New Road, Worcester",1,87.3,87.3,Worcestershire,Yorkshire,BJ Twohig,JC Tongue,JA Brooks,2,0,,,,,,,,,,,,,
1127670,2018,2018-09-24,"County Ground, New Road, Worcester",1,87.4,87.4,Worcestershire,Yorkshire,BJ Twohig,JC Tongue,JA Brooks,1,0,,,,,,,,,,,,,
1127670,2018,2018-09-24,"County Ground, New Road, Worcester",1,87.5,87.5,Worcestershire,Yorkshire,JC Tongue,BJ Twohig,JA Brooks,1,0,,,,,,,,,,,,,
1127670,2018,2018-09-24,"County Ground, New Road, Worcester",1,87.6,87.6,Worcestershire,Yorkshire,BJ Twohig,JC Tongue,JA Brooks,0,0,,,,,,,,,,,,,
1127670,2018,2018-09-24,"County Ground, New Road, Worcester",1,88.1,88.1,Worcestershire,Yorkshire,JC Tongue,BJ Twohig,TT Bresnan,1,0,,,,,,,,,,,,,
1127670,2018,2018-09-24,"County Ground, New Road, Worcester",1,88.2,88.2,Worcestershire,Yorkshire,BJ Twohig,JC Tongue,TT Bresnan,0,0,,,,,,,,,,,,,
1127670,2018,2018-09-24,"County Ground, New Road, Worcester",1,88.3,88.3,Worcestershire,Yorkshire,BJ Twohig,JC Tongue,TT Bresnan,2,0,,,,,,,,,,,,,
1127670,2018,2018-09-24,"County Ground, New Road, Worcester",1,88.4,88.4,Worcestershire,Yorkshire,BJ Twohig,JC Tongue,TT Bresnan,1,0,,,,,,,,,,,,,
1127670,2018,2018-09-24,"County Ground, New Road, Worcester",1,88.5,88.5,Worcestershire,Yorkshire,JC Tongue,BJ Twohig,TT Bresnan,0,0,,,,,,,,,,,,,
1127670,2018,2018-09-24,"County Ground, New Road, Worcester",1,88.6,88.6,Worcestershire,Yorkshire,JC Tongue,BJ Twohig,TT Bresnan,4,0,,,,,,,,,,,,,
1127670,2018,2018-09-24,"County Ground, New Road, Worcester",1,89.1,89.1,Worcestershire,Yorkshire,BJ Twohig,JC Tongue,JA Brooks,1,0,,,,,,,,,,,,,
1127670,2018,2018-09-24,"County Ground, New Road, Worcester",1,89.2,89.2,Worcestershire,Yorkshire,JC Tongue,BJ Twohig,JA Brooks,0,0,,,,,,,,,,,,,
1127670,2018,2018-09-24,"County Ground, New Road, Worcester",1,89.3,89.3,Worcestershire,Yorkshire,JC Tongue,BJ Twohig,JA Brooks,0,0,,,,,,,,,,,,,
1127670,2018,2018-09-24,"County Ground, New Road, Worcester",1,89.4,89.4,Worcestershire,Yorkshire,JC Tongue,BJ Twohig,JA Brooks,0,0,,,,,,,,,,,,,
1127670,2018,2018-09-24,"County Ground, New Road, Worcester",1,89.5,89.5,Worcestershire,Yorkshire,JC Tongue,BJ Twohig,JA Brooks,0,0,,,,,,,,,,,,,
1127670,2018,2018-09-24,"County Ground, New Road, Worcester",1,89.6,89.6,Worcestershire,Yorkshire,JC Tongue,BJ Twohig,JA Brooks,0,0,,,,,,,,,,,,,
1127670,2018,2018-09-24,"County Ground, New Road, Worcester",1,90.1,90.1,Worcestershire,Yorkshire,BJ Twohig,JC Tongue,TT Bresnan,4,0,,,,,,,,,,,,,
1127670,2018,2018-09-24,"County Ground, New Road, Worcester",1,90.2,90.2,Worcestershire,Yorkshire,BJ Twohig,JC Tongue,TT Bresnan,0,0,,,,,,,,,,,,,
1127670,2018,2018-09-24,"County Ground, New Road, Worcester",1,90.3,90.3,Worcestershire,Yorkshire,BJ Twohig,JC Tongue,TT Bresnan,0,0,,,,,,,,,,,,,
1127670,2018,2018-09-24,"County Ground, New Road, Worcester",1,90.4,90.4,Worcestershire,Yorkshire,BJ Twohig,JC Tongue,TT Bresnan,0,0,,,,,,,,,,,,,
1127670,2018,2018-09-24,"County Ground, New Road, Worcester",1,90.5,90.5,Worcestershire,Yorkshire,BJ Twohig,JC Tongue,TT Bresnan,0,0,,,,,,,,,,,,,
1127670,2018,2018-09-24,"County Ground, New Road, Worcester",1,90.6,90.6,Worcestershire,Yorkshire,BJ Twohig,JC Tongue,TT Bresnan,0,0,,,,,,,,,,,,,
1127670,2018,2018-09-24,"County Ground, New Road, Worcester",1,91.1,91.1,Worcestershire,Yorkshire,JC Tongue,BJ Twohig,SA Patterson,0,0,,,,,,,,,,,,,
1127670,2018,2018-09-24,"County Ground, New Road, Worcester",1,91.2,91.2,Worcestershire,Yorkshire,JC Tongue,BJ Twohig,SA Patterson,0,0,,,,,,,,,,,,,
1127670,2018,2018-09-24,"County Ground, New Road, Worcester",1,91.3,91.3,Worcestershire,Yorkshire,JC Tongue,BJ Twohig,SA Patterson,0,0,,,,,,,,,,,,,
1127670,2018,2018-09-24,"County Ground, New Road, Worcester",1,91.4,91.4,Worcestershire,Yorkshire,JC Tongue,BJ Twohig,SA Patterson,0,0,,,,,,,,,,,,,
1127670,2018,2018-09-24,"County Ground, New Road, Worcester",1,91.5,91.5,Worcestershire,Yorkshire,JC Tongue,BJ Twohig,SA Patterson,0,0,,,,,,,,,,,,,
1127670,2018,2018-09-24,"County Ground, New Road, Worcester",1,91.6,91.6,Worcestershire,Yorkshire,JC Tongue,BJ Twohig,SA Patterson,0,0,,,,,,,,,,,,,
1127670,2018,2018-09-24,"County Ground, New Road, Worcester",1,92.1,92.1,Worcestershire,Yorkshire,BJ Twohig,JC Tongue,TT Bresnan,0,0,,,,,,,,,,,,,
1127670,2018,2018-09-24,"County Ground, New Road, Worcester",1,92.2,92.2,Worcestershire,Yorkshire,BJ Twohig,JC Tongue,TT Bresnan,0,0,,,,,,,,,,,,,
1127670,2018,2018-09-24,"County Ground, New Road, Worcester",1,92.3,92.3,Worcestershire,Yorkshire,BJ Twohig,JC Tongue,TT Bresnan,0,0,,,,,,,,,,,,,
1127670,2018,2018-09-24,"County Ground, New Road, Worcester",1,92.4,92.4,Worcestershire,Yorkshire,BJ Twohig,JC Tongue,TT Bresnan,4,0,,,,,,,,,,,,,
1127670,2018,2018-09-24,"County Ground, New Road, Worcester",1,92.5,92.5,Worcestershire,Yorkshire,BJ Twohig,JC Tongue,TT Bresnan,0,0,,,,,,,,,,,,,
1127670,2018,2018-09-24,"County Ground, New Road, Worcester",1,92.6,92.6,Worcestershire,Yorkshire,BJ Twohig,JC Tongue,TT Bresnan,4,0,,,,,,,,,,,,,
1127670,2018,2018-09-24,"County Ground, New Road, Worcester",1,93.1,93.1,Worcestershire,Yorkshire,JC Tongue,BJ Twohig,SA Patterson,0,0,,,,,,,,,,,,,
1127670,2018,2018-09-24,"County Ground, New Road, Worcester",1,93.2,93.2,Worcestershire,Yorkshire,JC Tongue,BJ Twohig,SA Patterson,0,0,,,,,,,,,,,,,
1127670,2018,2018-09-24,"County Ground, New Road, Worcester",1,93.3,93.3,Worcestershire,Yorkshire,JC Tongue,BJ Twohig,SA Patterson,0,0,,,,,,,,,,,,,
1127670,2018,2018-09-24,"County Ground, New Road, Worcester",1,93.4,93.4,Worcestershire,Yorkshire,JC Tongue,BJ Twohig,SA Patterson,4,0,,,,,,,,,,,,,
1127670,2018,2018-09-24,"County Ground, New Road, Worcester",1,93.5,93.5,Worcestershire,Yorkshire,JC Tongue,BJ Twohig,SA Patterson,4,0,,,,,,,,,,,,,
1127670,2018,2018-09-24,"County Ground, New Road, Worcester",1,93.6,93.6,Worcestershire,Yorkshire,JC Tongue,BJ Twohig,SA Patterson,0,0,,,,,,,,,,,,,
1127670,2018,2018-09-24,"County Ground, New Road, Worcester",1,94.1,94.1,Worcestershire,Yorkshire,BJ Twohig,JC Tongue,TT Bresnan,0,0,,,,,,,,,,,,,
1127670,2018,2018-09-24,"County Ground, New Road, Worcester",1,94.2,94.2,Worcestershire,Yorkshire,BJ Twohig,JC Tongue,TT Bresnan,2,0,,,,,,,,,,,,,
1127670,2018,2018-09-24,"County Ground, New Road, Worcester",1,94.3,94.3,Worcestershire,Yorkshire,BJ Twohig,JC Tongue,TT Bresnan,0,0,,,,,,,,,,,,,
1127670,2018,2018-09-24,"County Ground, New Road, Worcester",1,94.4,94.4,Worcestershire,Yorkshire,BJ Twohig,JC Tongue,TT Bresnan,0,0,,,,,,,,,,,,,
1127670,2018,2018-09-24,"County Ground, New Road, Worcester",1,94.5,94.5,Worcestershire,Yorkshire,BJ Twohig,JC Tongue,TT Bresnan,0,0,,,,,,,,,,,,,
1127670,2018,2018-09-24,"County Ground, New Road, Worcester",1,94.6,94.6,Worcestershire,Yorkshire,BJ Twohig,JC Tongue,TT Bresnan,0,0,,,,,,,,,,,,,
1127670,2018,2018-09-24,"County Ground, New Road, Worcester",1,95.1,95.1,Worcestershire,Yorkshire,JC Tongue,BJ Twohig,SA Patterson,0,0,,,,,,,,,,,,,
1127670,2018,2018-09-24,"County Ground, New Road, Worcester",1,95.2,95.2,Worcestershire,Yorkshire,JC Tongue,BJ Twohig,SA Patterson,2,0,,,,,,,,,,,,,
1127670,2018,2018-09-24,"County Ground, New Road, Worcester",1,95.3,95.3,Worcestershire,Yorkshire,JC Tongue,BJ Twohig,SA Patterson,0,0,,,,,,,,,,,,,
1127670,2018,2018-09-24,"County Ground, New Road, Worcester",1,95.4,95.4,Worcestershire,Yorkshire,JC Tongue,BJ Twohig,SA Patterson,4,0,,,,,,,,,,,,,
1127670,2018,2018-09-24,"County Ground, New Road, Worcester",1,95.5,95.5,Worcestershire,Yorkshire,JC Tongue,BJ Twohig,SA Patterson,0,0,,,,,,,,,,,,,
1127670,2018,2018-09-24,"County Ground, New Road, Worcester",1,95.6,95.6,Worcestershire,Yorkshire,JC Tongue,BJ Twohig,SA Patterson,0,0,,,,,,,,,,,,,
1127670,2018,2018-09-24,"County Ground, New Road, Worcester",1,96.1,96.1,Worcestershire,Yorkshire,BJ Twohig,JC Tongue,BO Coad,0,0,,,,,,,,,,,,,
1127670,2018,2018-09-24,"County Ground, New Road, Worcester",1,96.2,96.2,Worcestershire,Yorkshire,BJ Twohig,JC Tongue,BO Coad,0,0,,,,,,,,,,,,,
1127670,2018,2018-09-24,"County Ground, New Road, Worcester",1,96.3,96.3,Worcestershire,Yorkshire,BJ Twohig,JC Tongue,BO Coad,0,0,,,,,,,,,,,,,
1127670,2018,2018-09-24,"County Ground, New Road, Worcester",1,96.4,96.4,Worcestershire,Yorkshire,BJ Twohig,JC Tongue,BO Coad,0,0,,,,,,,lbw,BJ Twohig,,,,,
1127670,2018,2018-09-24,"County Ground, New Road, Worcester",1,96.5,96.5,Worcestershire,Yorkshire,DY Pennington,JC Tongue,BO Coad,0,0,,,,,,,,,,,,,
1127670,2018,2018-09-24,"County Ground, New Road, Worcester",1,96.6,96.6,Worcestershire,Yorkshire,DY Pennington,JC Tongue,BO Coad,0,0,,,,,,,,,,,,,
1127670,2018,2018-09-24,"County Ground, New Road, Worcester",1,97.1,97.1,Worcestershire,Yorkshire,JC Tongue,DY Pennington,JA Brooks,0,0,,,,,,,,,,,,,
1127670,2018,2018-09-24,"County Ground, New Road, Worcester",1,97.2,97.2,Worcestershire,Yorkshire,JC Tongue,DY Pennington,JA Brooks,0,0,,,,,,,,,,,,,
1127670,2018,2018-09-24,"County Ground, New Road, Worcester",1,97.3,97.3,Worcestershire,Yorkshire,JC Tongue,DY Pennington,JA Brooks,0,0,,,,,,,,,,,,,
1127670,2018,2018-09-24,"County Ground, New Road, Worcester",1,97.4,97.4,Worcestershire,Yorkshire,JC Tongue,DY Pennington,JA Brooks,0,0,,,,,,,,,,,,,
1127670,2018,2018-09-24,"County Ground, New Road, Worcester",1,97.5,97.5,Worcestershire,Yorkshire,JC Tongue,DY Pennington,JA Brooks,0,0,,,,,,,,,,,,,
1127670,2018,2018-09-24,"County Ground, New Road, Worcester",1,97.6,97.6,Worcestershire,Yorkshire,JC Tongue,DY Pennington,JA Brooks,4,0,,,,,,,,,,,,,
1127670,2018,2018-09-24,"County Ground, New Road, Worcester",1,98.1,98.1,Worcestershire,Yorkshire,DY Pennington,JC Tongue,BO Coad,0,0,,,,,,,,,,,,,
1127670,2018,2018-09-24,"County Ground, New Road, Worcester",1,98.2,98.2,Worcestershire,Yorkshire,DY Pennington,JC Tongue,BO Coad,0,0,,,,,,,,,,,,,
1127670,2018,2018-09-24,"County Ground, New Road, Worcester",1,98.3,98.3,Worcestershire,Yorkshire,DY Pennington,JC Tongue,BO Coad,2,0,,,,,,,,,,,,,
1127670,2018,2018-09-24,"County Ground, New Road, Worcester",1,98.4,98.4,Worcestershire,Yorkshire,DY Pennington,JC Tongue,BO Coad,0,0,,,,,,,,,,,,,
1127670,2018,2018-09-24,"County Ground, New Road, Worcester",1,98.5,98.5,Worcestershire,Yorkshire,DY Pennington,JC Tongue,BO Coad,4,0,,,,,,,,,,,,,
1127670,2018,2018-09-24,"County Ground, New Road, Worcester",1,98.6,98.6,Worcestershire,Yorkshire,DY Pennington,JC Tongue,BO Coad,0,0,,,,,,,,,,,,,
1127670,2018,2018-09-24,"County Ground, New Road, Worcester",1,99.1,99.1,Worcestershire,Yorkshire,JC Tongue,DY Pennington,JA Brooks,0,4,,,4,,,,,,,,,,
1127670,2018,2018-09-24,"County Ground, New Road, Worcester",1,99.2,99.2,Worcestershire,Yorkshire,JC Tongue,DY Pennington,JA Brooks,4,0,,,,,,,,,,,,,
1127670,2018,2018-09-24,"County Ground, New Road, Worcester",1,99.3,99.3,Worcestershire,Yorkshire,JC Tongue,DY Pennington,JA Brooks,0,0,,,,,,,,,,,,,
1127670,2018,2018-09-24,"County Ground, New Road, Worcester",1,99.4,99.4,Worcestershire,Yorkshire,JC Tongue,DY Pennington,JA Brooks,0,0,,,,,,,,,,,,,
1127670,2018,2018-09-24,"County Ground, New Road, Worcester",1,99.5,99.5,Worcestershire,Yorkshire,JC Tongue,DY Pennington,JA Brooks,0,0,,,,,,,,,,,,,
1127670,2018,2018-09-24,"County Ground, New Road, Worcester",1,99.6,99.6,Worcestershire,Yorkshire,JC Tongue,DY Pennington,JA Brooks,1,0,,,,,,,,,,,,,
1127670,2018,2018-09-24,"County Ground, New Road, Worcester",1,100.1,100.1,Worcestershire,Yorkshire,JC Tongue,DY Pennington,BO Coad,0,0,,,,,,,,,,,,,
1127670,2018,2018-09-24,"County Ground, New Road, Worcester",1,100.2,100.2,Worcestershire,Yorkshire,JC Tongue,DY Pennington,BO Coad,0,0,,,,,,,,,,,,,
1127670,2018,2018-09-24,"County Ground, New Road, Worcester",1,100.3,100.3,Worcestershire,Yorkshire,JC Tongue,DY Pennington,BO Coad,0,0,,,,,,,,,,,,,
1127670,2018,2018-09-24,"County Ground, New Road, Worcester",1,100.4,100.4,Worcestershire,Yorkshire,JC Tongue,DY Pennington,BO Coad,0,0,,,,,,,,,,,,,
1127670,2018,2018-09-24,"County Ground, New Road, Worcester",1,100.5,100.5,Worcestershire,Yorkshire,JC Tongue,DY Pennington,BO Coad,0,0,,,,,,,,,,,,,
1127670,2018,2018-09-24,"County Ground, New Road, Worcester",1,100.6,100.6,Worcestershire,Yorkshire,JC Tongue,DY Pennington,BO Coad,0,0,,,,,,,,,,,,,
1127670,2018,2018-09-24,"County Ground, New Road, Worcester",1,101.1,101.1,Worcestershire,Yorkshire,DY Pennington,JC Tongue,JA Brooks,0,0,,,,,,,,,,,,,
1127670,2018,2018-09-24,"County Ground, New Road, Worcester",1,101.2,101.2,Worcestershire,Yorkshire,DY Pennington,JC Tongue,JA Brooks,1,0,,,,,,,,,,,,,
1127670,2018,2018-09-24,"County Ground, New Road, Worcester",1,101.3,101.3,Worcestershire,Yorkshire,JC Tongue,DY Pennington,JA Brooks,1,0,,,,,,,,,,,,,
1127670,2018,2018-09-24,"County Ground, New Road, Worcester",1,101.4,101.4,Worcestershire,Yorkshire,DY Pennington,JC Tongue,JA Brooks,0,0,,,,,,,,,,,,,
1127670,2018,2018-09-24,"County Ground, New Road, Worcester",1,101.5,101.5,Worcestershire,Yorkshire,DY Pennington,JC Tongue,JA Brooks,0,0,,,,,,,,,,,,,
1127670,2018,2018-09-24,"County Ground, New Road, Worcester",1,101.6,101.6,Worcestershire,Yorkshire,DY Pennington,JC Tongue,JA Brooks,0,0,,,,,,,caught,DY Pennington,,,JA Tattersall,,
1127670,2018,2018-09-24,"County Ground, New Road, Worcester",2,0.1,0.1,Yorkshire,Worcestershire,A Lyth,JA Raval,WD Parnell,0,0,,,,,,,,,,,,,
1127670,2018,2018-09-24,"County Ground, New Road, Worcester",2,0.2,0.2,Yorkshire,Worcestershire,A Lyth,JA Raval,WD Parnell,0,0,,,,,,,,,,,,,
1127670,2018,2018-09-24,"County Ground, New Road, Worcester",2,0.3,0.3,Yorkshire,Worcestershire,A Lyth,JA Raval,WD Parnell,1,0,,,,,,,,,,,,,
1127670,2018,2018-09-24,"County Ground, New Road, Worcester",2,0.4,0.4,Yorkshire,Worcestershire,JA Raval,A Lyth,WD Parnell,0,0,,,,,,,,,,,,,
1127670,2018,2018-09-24,"County Ground, New Road, Worcester",2,0.5,0.5,Yorkshire,Worcestershire,JA Raval,A Lyth,WD Parnell,0,1,,,,1,,,,,,,,,
1127670,2018,2018-09-24,"County Ground, New Road, Worcester",2,0.6,0.6,Yorkshire,Worcestershire,A Lyth,JA Raval,WD Parnell,2,0,,,,,,,,,,,,,
1127670,2018,2018-09-24,"County Ground, New Road, Worcester",2,1.1,1.1,Yorkshire,Worcestershire,JA Raval,A Lyth,JC Tongue,0,0,,,,,,,,,,,,,
1127670,2018,2018-09-24,"County Ground, New Road, Worcester",2,1.2,1.2,Yorkshire,Worcestershire,JA Raval,A Lyth,JC Tongue,0,0,,,,,,,,,,,,,
1127670,2018,2018-09-24,"County Ground, New Road, Worcester",2,1.3,1.3,Yorkshire,Worcestershire,JA Raval,A Lyth,JC Tongue,0,0,,,,,,,,,,,,,
1127670,2018,2018-09-24,"County Ground, New Road, Worcester",2,1.4,1.4,Yorkshire,Worcestershire,JA Raval,A Lyth,JC Tongue,0,0,,,,,,,,,,,,,
1127670,2018,2018-09-24,"County Ground, New Road, Worcester",2,1.5,1.5,Yorkshire,Worcestershire,JA Raval,A Lyth,JC Tongue,0,0,,,,,,,,,,,,,
1127670,2018,2018-09-24,"County Ground, New Road, Worcester",2,1.6,1.6,Yorkshire,Worcestershire,JA Raval,A Lyth,JC Tongue,0,0,,,,,,,,,,,,,
1127670,2018,2018-09-24,"County Ground, New Road, Worcester",2,2.1,2.1,Yorkshire,Worcestershire,A Lyth,JA Raval,WD Parnell,0,0,,,,,,,,,,,,,
1127670,2018,2018-09-24,"County Ground, New Road, Worcester",2,2.2,2.2,Yorkshire,Worcestershire,A Lyth,JA Raval,WD Parnell,4,0,,,,,,,,,,,,,
1127670,2018,2018-09-24,"County Ground, New Road, Worcester",2,2.3,2.3,Yorkshire,Worcestershire,A Lyth,JA Raval,WD Parnell,0,0,,,,,,,,,,,,,
1127670,2018,2018-09-24,"County Ground, New Road, Worcester",2,2.4,2.4,Yorkshire,Worcestershire,A Lyth,JA Raval,WD Parnell,4,0,,,,,,,,,,,,,
1127670,2018,2018-09-24,"County Ground, New Road, Worcester",2,2.5,2.5,Yorkshire,Worcestershire,A Lyth,JA Raval,WD Parnell,3,0,,,,,,,,,,,,,
1127670,2018,2018-09-24,"County Ground, New Road, Worcester",2,2.6,2.6,Yorkshire,Worcestershire,JA Raval,A Lyth,WD Parnell,1,0,,,,,,,,,,,,,
1127670,2018,2018-09-24,"County Ground, New Road, Worcester",2,3.1,3.1,Yorkshire,Worcestershire,JA Raval,A Lyth,JC Tongue,0,0,,,,,,,,,,,,,
1127670,2018,2018-09-24,"County Ground, New Road, Worcester",2,3.2,3.2,Yorkshire,Worcestershire,JA Raval,A Lyth,JC Tongue,1,0,,,,,,,,,,,,,
1127670,2018,2018-09-24,"County Ground, New Road, Worcester",2,3.3,3.3,Yorkshire,Worcestershire,A Lyth,JA Raval,JC Tongue,0,0,,,,,,,,,,,,,
1127670,2018,2018-09-24,"County Ground, New Road, Worcester",2,3.4,3.4,Yorkshire,Worcestershire,A Lyth,JA Raval,JC Tongue,0,0,,,,,,,,,,,,,
1127670,2018,2018-09-24,"County Ground, New Road, Worcester",2,3.5,3.5,Yorkshire,Worcestershire,A Lyth,JA Raval,JC Tongue,1,0,,,,,,,,,,,,,
1127670,2018,2018-09-24,"County Ground, New Road, Worcester",2,3.6,3.6,Yorkshire,Worcestershire,JA Raval,A Lyth,JC Tongue,0,0,,,,,,,,,,,,,
1127670,2018,2018-09-24,"County Ground, New Road, Worcester",2,4.1,4.1,Yorkshire,Worcestershire,A Lyth,JA Raval,WD Parnell,4,0,,,,,,,,,,,,,
1127670,2018,2018-09-24,"County Ground, New Road, Worcester",2,4.2,4.2,Yorkshire,Worcestershire,A Lyth,JA Raval,WD Parnell,0,0,,,,,,,,,,,,,
1127670,2018,2018-09-24,"County Ground, New Road, Worcester",2,4.3,4.3,Yorkshire,Worcestershire,A Lyth,JA Raval,WD Parnell,4,0,,,,,,,,,,,,,
1127670,2018,2018-09-24,"County Ground, New Road, Worcester",2,4.4,4.4,Yorkshire,Worcestershire,A Lyth,JA Raval,WD Parnell,4,0,,,,,,,,,,,,,
1127670,2018,2018-09-24,"County Ground, New Road, Worcester",2,4.5,4.5,Yorkshire,Worcestershire,A Lyth,JA Raval,WD Parnell,0,0,,,,,,,,,,,,,
1127670,2018,2018-09-24,"County Ground, New Road, Worcester",2,4.6,4.6,Yorkshire,Worcestershire,A Lyth,JA Raval,WD Parnell,0,0,,,,,,,lbw,A Lyth,,,,,
1127670,2018,2018-09-24,"County Ground, New Road, Worcester",2,5.1,5.1,Yorkshire,Worcestershire,JA Raval,JA Leaning,JC Tongue,1,0,,,,,,,,,,,,,
1127670,2018,2018-09-24,"County Ground, New Road, Worcester",2,5.2,5.2,Yorkshire,Worcestershire,JA Leaning,JA Raval,JC Tongue,0,0,,,,,,,,,,,,,
1127670,2018,2018-09-24,"County Ground, New Road, Worcester",2,5.3,5.3,Yorkshire,Worcestershire,JA Leaning,JA Raval,JC Tongue,0,0,,,,,,,,,,,,,
1127670,2018,2018-09-24,"County Ground, New Road, Worcester",2,5.4,5.4,Yorkshire,Worcestershire,JA Leaning,JA Raval,JC Tongue,0,0,,,,,,,,,,,,,
1127670,2018,2018-09-24,"County Ground, New Road, Worcester",2,5.5,5.5,Yorkshire,Worcestershire,JA Leaning,JA Raval,JC Tongue,0,0,,,,,,,,,,,,,
1127670,2018,2018-09-24,"County Ground, New Road, Worcester",2,5.6,5.6,Yorkshire,Worcestershire,JA Leaning,JA Raval,JC Tongue,4,0,,,,,,,,,,,,,
1127670,2018,2018-09-24,"County Ground, New Road, Worcester",2,6.1,6.1,Yorkshire,Worcestershire,JA Raval,JA Leaning,WD Parnell,0,0,,,,,,,,,,,,,
1127670,2018,2018-09-24,"County Ground, New Road, Worcester",2,6.2,6.2,Yorkshire,Worcestershire,JA Raval,JA Leaning,WD Parnell,0,0,,,,,,,,,,,,,
1127670,2018,2018-09-24,"County Ground, New Road, Worcester",2,6.3,6.3,Yorkshire,Worcestershire,JA Raval,JA Leaning,WD Parnell,0,0,,,,,,,,,,,,,
1127670,2018,2018-09-24,"County Ground, New Road, Worcester",2,6.4,6.4,Yorkshire,Worcestershire,JA Raval,JA Leaning,WD Parnell,1,0,,,,,,,,,,,,,
1127670,2018,2018-09-24,"County Ground, New Road, Worcester",2,6.5,6.5,Yorkshire,Worcestershire,JA Leaning,JA Raval,WD Parnell,1,0,,,,,,,,,,,,,
1127670,2018,2018-09-24,"County Ground, New Road, Worcester",2,6.6,6.6,Yorkshire,Worcestershire,JA Raval,JA Leaning,WD Parnell,0,0,,,,,,,,,,,,,
1127670,2018,2018-09-24,"County Ground, New Road, Worcester",2,7.1,7.1,Yorkshire,Worcestershire,JA Leaning,JA Raval,JC Tongue,0,0,,,,,,,,,,,,,
1127670,2018,2018-09-24,"County Ground, New Road, Worcester",2,7.2,7.2,Yorkshire,Worcestershire,JA Leaning,JA Raval,JC Tongue,0,0,,,,,,,,,,,,,
1127670,2018,2018-09-24,"County Ground, New Road, Worcester",2,7.3,7.3,Yorkshire,Worcestershire,JA Leaning,JA Raval,JC Tongue,0,0,,,,,,,,,,,,,
1127670,2018,2018-09-24,"County Ground, New Road, Worcester",2,7.4,7.4,Yorkshire,Worcestershire,JA Leaning,JA Raval,JC Tongue,0,0,,,,,,,,,,,,,
1127670,2018,2018-09-24,"County Ground, New Road, Worcester",2,7.5,7.5,Yorkshire,Worcestershire,JA Leaning,JA Raval,JC Tongue,0,0,,,,,,,,,,,,,
1127670,2018,2018-09-24,"County Ground, New Road, Worcester",2,7.6,7.6,Yorkshire,Worcestershire,JA Leaning,JA Raval,JC Tongue,0,0,,,,,,,,,,,,,
1127670,2018,2018-09-24,"County Ground, New Road, Worcester",2,8.1,8.1,Yorkshire,Worcestershire,JA Raval,JA Leaning,WD Parnell,0,0,,,,,,,,,,,,,
1127670,2018,2018-09-24,"County Ground, New Road, Worcester",2,8.2,8.2,Yorkshire,Worcestershire,JA Raval,JA Leaning,WD Parnell,0,0,,,,,,,,,,,,,
1127670,2018,2018-09-24,"County Ground, New Road, Worcester",2,8.3,8.3,Yorkshire,Worcestershire,JA Raval,JA Leaning,WD Parnell,0,0,,,,,,,,,,,,,
1127670,2018,2018-09-24,"County Ground, New Road, Worcester",2,8.4,8.4,Yorkshire,Worcestershire,JA Raval,JA Leaning,WD Parnell,0,0,,,,,,,,,,,,,
1127670,2018,2018-09-24,"County Ground, New Road, Worcester",2,8.5,8.5,Yorkshire,Worcestershire,JA Raval,JA Leaning,WD Parnell,0,0,,,,,,,,,,,,,
1127670,2018,2018-09-24,"County Ground, New Road, Worcester",2,8.6,8.6,Yorkshire,Worcestershire,JA Raval,JA Leaning,WD Parnell,0,0,,,,,,,,,,,,,
1127670,2018,2018-09-24,"County Ground, New Road, Worcester",2,9.1,9.1,Yorkshire,Worcestershire,JA Leaning,JA Raval,JC Tongue,2,0,,,,,,,,,,,,,
1127670,2018,2018-09-24,"County Ground, New Road, Worcester",2,9.2,9.2,Yorkshire,Worcestershire,JA Leaning,JA Raval,JC Tongue,0,0,,,,,,,,,,,,,
1127670,2018,2018-09-24,"County Ground, New Road, Worcester",2,9.3,9.3,Yorkshire,Worcestershire,JA Leaning,JA Raval,JC Tongue,0,0,,,,,,,,,,,,,
1127670,2018,2018-09-24,"County Ground, New Road, Worcester",2,9.4,9.4,Yorkshire,Worcestershire,JA Leaning,JA Raval,JC Tongue,0,0,,,,,,,,,,,,,
1127670,2018,2018-09-24,"County Ground, New Road, Worcester",2,9.5,9.5,Yorkshire,Worcestershire,JA Leaning,JA Raval,JC Tongue,1,0,,,,,,,,,,,,,
1127670,2018,2018-09-24,"County Ground, New Road, Worcester",2,9.6,9.6,Yorkshire,Worcestershire,JA Raval,JA Leaning,JC Tongue,0,0,,,,,,,,,,,,,
1127670,2018,2018-09-24,"County Ground, New Road, Worcester",2,10.1,10.1,Yorkshire,Worcestershire,JA Leaning,JA Raval,WD Parnell,0,0,,,,,,,,,,,,,
1127670,2018,2018-09-24,"County Ground, New Road, Worcester",2,10.2,10.2,Yorkshire,Worcestershire,JA Leaning,JA Raval,WD Parnell,0,0,,,,,,,,,,,,,
1127670,2018,2018-09-24,"County Ground, New Road, Worcester",2,10.3,10.3,Yorkshire,Worcestershire,JA Leaning,JA Raval,WD Parnell,0,0,,,,,,,,,,,,,
1127670,2018,2018-09-24,"County Ground, New Road, Worcester",2,10.4,10.4,Yorkshire,Worcestershire,JA Leaning,JA Raval,WD Parnell,0,0,,,,,,,,,,,,,
1127670,2018,2018-09-24,"County Ground, New Road, Worcester",2,10.5,10.5,Yorkshire,Worcestershire,JA Leaning,JA Raval,WD Parnell,0,0,,,,,,,,,,,,,
1127670,2018,2018-09-24,"County Ground, New Road, Worcester",2,10.6,10.6,Yorkshire,Worcestershire,JA Leaning,JA Raval,WD Parnell,1,0,,,,,,,,,,,,,
1127670,2018,2018-09-24,"County Ground, New Road, Worcester",2,11.1,11.1,Yorkshire,Worcestershire,JA Leaning,JA Raval,JC Tongue,4,0,,,,,,,,,,,,,
1127670,2018,2018-09-24,"County Ground, New Road, Worcester",2,11.2,11.2,Yorkshire,Worcestershire,JA Leaning,JA Raval,JC Tongue,0,0,,,,,,,,,,,,,
1127670,2018,2018-09-24,"County Ground, New Road, Worcester",2,11.3,11.3,Yorkshire,Worcestershire,JA Leaning,JA Raval,JC Tongue,0,0,,,,,,,,,,,,,
1127670,2018,2018-09-24,"County Ground, New Road, Worcester",2,11.4,11.4,Yorkshire,Worcestershire,JA Leaning,JA Raval,JC Tongue,0,0,,,,,,,bowled,JA Leaning,,,,,
1127670,2018,2018-09-24,"County Ground, New Road, Worcester",2,11.5,11.5,Yorkshire,Worcestershire,GS Ballance,JA Raval,JC Tongue,0,0,,,,,,,,,,,,,
1127670,2018,2018-09-24,"County Ground, New Road, Worcester",2,11.6,11.6,Yorkshire,Worcestershire,GS Ballance,JA Raval,JC Tongue,4,0,,,,,,,,,,,,,
1127670,2018,2018-09-24,"County Ground, New Road, Worcester",2,12.1,12.1,Yorkshire,Worcestershire,JA Raval,GS Ballance,WD Parnell,1,0,,,,,,,,,,,,,
1127670,2018,2018-09-24,"County Ground, New Road, Worcester",2,12.2,12.2,Yorkshire,Worcestershire,GS Ballance,JA Raval,WD Parnell,0,0,,,,,,,,,,,,,
1127670,2018,2018-09-24,"County Ground, New Road, Worcester",2,12.3,12.3,Yorkshire,Worcestershire,GS Ballance,JA Raval,WD Parnell,0,0,,,,,,,,,,,,,
1127670,2018,2018-09-24,"County Ground, New Road, Worcester",2,12.4,12.4,Yorkshire,Worcestershire,GS Ballance,JA Raval,WD Parnell,1,0,,,,,,,,,,,,,
1127670,2018,2018-09-24,"County Ground, New Road, Worcester",2,12.5,12.5,Yorkshire,Worcestershire,JA Raval,GS Ballance,WD Parnell,0,0,,,,,,,,,,,,,
1127670,2018,2018-09-24,"County Ground, New Road, Worcester",2,12.6,12.6,Yorkshire,Worcestershire,JA Raval,GS Ballance,WD Parnell,0,0,,,,,,,,,,,,,
1127670,2018,2018-09-24,"County Ground, New Road, Worcester",2,13.1,13.1,Yorkshire,Worcestershire,GS Ballance,JA Raval,JC Tongue,0,0,,,,,,,,,,,,,
1127670,2018,2018-09-24,"County Ground, New Road, Worcester",2,13.2,13.2,Yorkshire,Worcestershire,GS Ballance,JA Raval,JC Tongue,0,0,,,,,,,,,,,,,
1127670,2018,2018-09-24,"County Ground, New Road, Worcester",2,13.3,13.3,Yorkshire,Worcestershire,GS Ballance,JA Raval,JC Tongue,0,0,,,,,,,,,,,,,
1127670,2018,2018-09-24,"County Ground, New Road, Worcester",2,13.4,13.4,Yorkshire,Worcestershire,GS Ballance,JA Raval,JC Tongue,0,0,,,,,,,,,,,,,
1127670,2018,2018-09-24,"County Ground, New Road, Worcester",2,13.5,13.5,Yorkshire,Worcestershire,GS Ballance,JA Raval,JC Tongue,0,0,,,,,,,,,,,,,
1127670,2018,2018-09-24,"County Ground, New Road, Worcester",2,13.6,13.6,Yorkshire,Worcestershire,GS Ballance,JA Raval,JC Tongue,0,0,,,,,,,,,,,,,
1127670,2018,2018-09-24,"County Ground, New Road, Worcester",2,14.1,14.1,Yorkshire,Worcestershire,JA Raval,GS Ballance,WD Parnell,0,0,,,,,,,,,,,,,
1127670,2018,2018-09-24,"County Ground, New Road, Worcester",2,14.2,14.2,Yorkshire,Worcestershire,JA Raval,GS Ballance,WD Parnell,1,0,,,,,,,,,,,,,
1127670,2018,2018-09-24,"County Ground, New Road, Worcester",2,14.3,14.3,Yorkshire,Worcestershire,GS Ballance,JA Raval,WD Parnell,0,0,,,,,,,,,,,,,
1127670,2018,2018-09-24,"County Ground, New Road, Worcester",2,14.4,14.4,Yorkshire,Worcestershire,GS Ballance,JA Raval,WD Parnell,4,0,,,,,,,,,,,,,
1127670,2018,2018-09-24,"County Ground, New Road, Worcester",2,14.5,14.5,Yorkshire,Worcestershire,GS Ballance,JA Raval,WD Parnell,0,0,,,,,,,,,,,,,
1127670,2018,2018-09-24,"County Ground, New Road, Worcester",2,14.6,14.6,Yorkshire,Worcestershire,GS Ballance,JA Raval,WD Parnell,0,0,,,,,,,,,,,,,
1127670,2018,2018-09-24,"County Ground, New Road, Worcester",2,15.1,15.1,Yorkshire,Worcestershire,JA Raval,GS Ballance,EG Barnard,4,0,,,,,,,,,,,,,
1127670,2018,2018-09-24,"County Ground, New Road, Worcester",2,15.2,15.2,Yorkshire,Worcestershire,JA Raval,GS Ballance,EG Barnard,0,0,,,,,,,,,,,,,
1127670,2018,2018-09-24,"County Ground, New Road, Worcester",2,15.3,15.3,Yorkshire,Worcestershire,JA Raval,GS Ballance,EG Barnard,0,0,,,,,,,,,,,,,
1127670,2018,2018-09-24,"County Ground, New Road, Worcester",2,15.4,15.4,Yorkshire,Worcestershire,JA Raval,GS Ballance,EG Barnard,0,0,,,,,,,,,,,,,
1127670,2018,2018-09-24,"County Ground, New Road, Worcester",2,15.5,15.5,Yorkshire,Worcestershire,JA Raval,GS Ballance,EG Barnard,0,0,,,,,,,,,,,,,
1127670,2018,2018-09-24,"County Ground, New Road, Worcester",2,15.6,15.6,Yorkshire,Worcestershire,JA Raval,GS Ballance,EG Barnard,0,0,,,,,,,,,,,,,
1127670,2018,2018-09-24,"County Ground, New Road, Worcester",2,16.1,16.1,Yorkshire,Worcestershire,GS Ballance,JA Raval,DY Pennington,0,0,,,,,,,,,,,,,
1127670,2018,2018-09-24,"County Ground, New Road, Worcester",2,16.2,16.2,Yorkshire,Worcestershire,GS Ballance,JA Raval,DY Pennington,4,0,,,,,,,,,,,,,
1127670,2018,2018-09-24,"County Ground, New Road, Worcester",2,16.3,16.3,Yorkshire,Worcestershire,GS Ballance,JA Raval,DY Pennington,0,0,,,,,,,,,,,,,
1127670,2018,2018-09-24,"County Ground, New Road, Worcester",2,16.4,16.4,Yorkshire,Worcestershire,GS Ballance,JA Raval,DY Pennington,4,0,,,,,,,,,,,,,
1127670,2018,2018-09-24,"County Ground, New Road, Worcester",2,16.5,16.5,Yorkshire,Worcestershire,GS Ballance,JA Raval,DY Pennington,0,0,,,,,,,,,,,,,
1127670,2018,2018-09-24,"County Ground, New Road, Worcester",2,16.6,16.6,Yorkshire,Worcestershire,GS Ballance,JA Raval,DY Pennington,0,0,,,,,,,,,,,,,
1127670,2018,2018-09-24,"County Ground, New Road, Worcester",2,17.1,17.1,Yorkshire,Worcestershire,JA Raval,GS Ballance,EG Barnard,4,0,,,,,,,,,,,,,
1127670,2018,2018-09-24,"County Ground, New Road, Worcester",2,17.2,17.2,Yorkshire,Worcestershire,JA Raval,GS Ballance,EG Barnard,1,0,,,,,,,,,,,,,
1127670,2018,2018-09-24,"County Ground, New Road, Worcester",2,17.3,17.3,Yorkshire,Worcestershire,GS Ballance,JA Raval,EG Barnard,0,0,,,,,,,,,,,,,
1127670,2018,2018-09-24,"County Ground, New Road, Worcester",2,17.4,17.4,Yorkshire,Worcestershire,GS Ballance,JA Raval,EG Barnard,0,0,,,,,,,,,,,,,
1127670,2018,2018-09-24,"County Ground, New Road, Worcester",2,17.5,17.5,Yorkshire,Worcestershire,GS Ballance,JA Raval,EG Barnard,4,0,,,,,,,,,,,,,
1127670,2018,2018-09-24,"County Ground, New Road, Worcester",2,17.6,17.6,Yorkshire,Worcestershire,GS Ballance,JA Raval,EG Barnard,0,0,,,,,,,,,,,,,
1127670,2018,2018-09-24,"County Ground, New Road, Worcester",2,18.1,18.1,Yorkshire,Worcestershire,JA Raval,GS Ballance,DY Pennington,0,0,,,,,,,,,,,,,
1127670,2018,2018-09-24,"County Ground, New Road, Worcester",2,18.2,18.2,Yorkshire,Worcestershire,JA Raval,GS Ballance,DY Pennington,0,0,,,,,,,,,,,,,
1127670,2018,2018-09-24,"County Ground, New Road, Worcester",2,18.3,18.3,Yorkshire,Worcestershire,JA Raval,GS Ballance,DY Pennington,2,0,,,,,,,,,,,,,
1127670,2018,2018-09-24,"County Ground, New Road, Worcester",2,18.4,18.4,Yorkshire,Worcestershire,JA Raval,GS Ballance,DY Pennington,0,0,,,,,,,,,,,,,
1127670,2018,2018-09-24,"County Ground, New Road, Worcester",2,18.5,18.5,Yorkshire,Worcestershire,JA Raval,GS Ballance,DY Pennington,0,0,,,,,,,,,,,,,
1127670,2018,2018-09-24,"County Ground, New Road, Worcester",2,18.6,18.6,Yorkshire,Worcestershire,JA Raval,GS Ballance,DY Pennington,4,0,,,,,,,,,,,,,
1127670,2018,2018-09-24,"County Ground, New Road, Worcester",2,19.1,19.1,Yorkshire,Worcestershire,GS Ballance,JA Raval,MM Ali,0,0,,,,,,,,,,,,,
1127670,2018,2018-09-24,"County Ground, New Road, Worcester",2,19.2,19.2,Yorkshire,Worcestershire,GS Ballance,JA Raval,MM Ali,0,0,,,,,,,,,,,,,
1127670,2018,2018-09-24,"County Ground, New Road, Worcester",2,19.3,19.3,Yorkshire,Worcestershire,GS Ballance,JA Raval,MM Ali,0,0,,,,,,,,,,,,,
1127670,2018,2018-09-24,"County Ground, New Road, Worcester",2,19.4,19.4,Yorkshire,Worcestershire,GS Ballance,JA Raval,MM Ali,0,0,,,,,,,,,,,,,
1127670,2018,2018-09-24,"County Ground, New Road, Worcester",2,19.5,19.5,Yorkshire,Worcestershire,GS Ballance,JA Raval,MM Ali,0,0,,,,,,,,,,,,,
1127670,2018,2018-09-24,"County Ground, New Road, Worcester",2,19.6,19.6,Yorkshire,Worcestershire,GS Ballance,JA Raval,MM Ali,0,0,,,,,,,,,,,,,
1127670,2018,2018-09-24,"County Ground, New Road, Worcester",2,20.1,20.1,Yorkshire,Worcestershire,JA Raval,GS Ballance,BJ Twohig,0,0,,,,,,,,,,,,,
1127670,2018,2018-09-24,"County Ground, New Road, Worcester",2,20.2,20.2,Yorkshire,Worcestershire,JA Raval,GS Ballance,BJ Twohig,0,0,,,,,,,bowled,JA Raval,,,,,
1127670,2018,2018-09-24,"County Ground, New Road, Worcester",2,20.3,20.3,Yorkshire,Worcestershire,T Kohler-Cadmore,GS Ballance,BJ Twohig,1,0,,,,,,,,,,,,,
1127670,2018,2018-09-24,"County Ground, New Road, Worcester",2,20.4,20.4,Yorkshire,Worcestershire,GS Ballance,T Kohler-Cadmore,BJ Twohig,0,0,,,,,,,,,,,,,
1127670,2018,2018-09-24,"County Ground, New Road, Worcester",2,20.5,20.5,Yorkshire,Worcestershire,GS Ballance,T Kohler-Cadmore,BJ Twohig,4,0,,,,,,,,,,,,,
1127670,2018,2018-09-24,"County Ground, New Road, Worcester",2,20.6,20.6,Yorkshire,Worcestershire,GS Ballance,T Kohler-Cadmore,BJ Twohig,2,0,,,,,,,,,,,,,
1127670,2018,2018-09-24,"County Ground, New Road, Worcester",2,21.1,21.1,Yorkshire,Worcestershire,T Kohler-Cadmore,GS Ballance,EG Barnard,1,0,,,,,,,,,,,,,
1127670,2018,2018-09-24,"County Ground, New Road, Worcester",2,21.2,21.2,Yorkshire,Worcestershire,GS Ballance,T Kohler-Cadmore,EG Barnard,0,0,,,,,,,,,,,,,
1127670,2018,2018-09-24,"County Ground, New Road, Worcester",2,21.3,21.3,Yorkshire,Worcestershire,GS Ballance,T Kohler-Cadmore,EG Barnard,0,0,,,,,,,,,,,,,
1127670,2018,2018-09-24,"County Ground, New Road, Worcester",2,21.4,21.4,Yorkshire,Worcestershire,GS Ballance,T Kohler-Cadmore,EG Barnard,0,0,,,,,,,,,,,,,
1127670,2018,2018-09-24,"County Ground, New Road, Worcester",2,21.5,21.5,Yorkshire,Worcestershire,GS Ballance,T Kohler-Cadmore,EG Barnard,0,0,,,,,,,,,,,,,
1127670,2018,2018-09-24,"County Ground, New Road, Worcester",2,21.6,21.6,Yorkshire,Worcestershire,GS Ballance,T Kohler-Cadmore,EG Barnard,2,0,,,,,,,,,,,,,
1127670,2018,2018-09-24,"County Ground, New Road, Worcester",2,22.1,22.1,Yorkshire,Worcestershire,T Kohler-Cadmore,GS Ballance,BJ Twohig,0,0,,,,,,,,,,,,,
1127670,2018,2018-09-24,"County Ground, New Road, Worcester",2,22.2,22.2,Yorkshire,Worcestershire,T Kohler-Cadmore,GS Ballance,BJ Twohig,4,0,,,,,,,,,,,,,
1127670,2018,2018-09-24,"County Ground, New Road, Worcester",2,22.3,22.3,Yorkshire,Worcestershire,T Kohler-Cadmore,GS Ballance,BJ Twohig,0,0,,,,,,,,,,,,,
1127670,2018,2018-09-24,"County Ground, New Road, Worcester",2,22.4,22.4,Yorkshire,Worcestershire,T Kohler-Cadmore,GS Ballance,BJ Twohig,0,0,,,,,,,,,,,,,
1127670,2018,2018-09-24,"County Ground, New Road, Worcester",2,22.5,22.5,Yorkshire,Worcestershire,T Kohler-Cadmore,GS Ballance,BJ Twohig,1,0,,,,,,,,,,,,,
1127670,2018,2018-09-24,"County Ground, New Road, Worcester",2,22.6,22.6,Yorkshire,Worcestershire,GS Ballance,T Kohler-Cadmore,BJ Twohig,1,0,,,,,,,,,,,,,
1127670,2018,2018-09-24,"County Ground, New Road, Worcester",2,23.1,23.1,Yorkshire,Worcestershire,GS Ballance,T Kohler-Cadmore,EG Barnard,0,0,,,,,,,,,,,,,
1127670,2018,2018-09-24,"County Ground, New Road, Worcester",2,23.2,23.2,Yorkshire,Worcestershire,GS Ballance,T Kohler-Cadmore,EG Barnard,0,0,,,,,,,,,,,,,
1127670,2018,2018-09-24,"County Ground, New Road, Worcester",2,23.3,23.3,Yorkshire,Worcestershire,GS Ballance,T Kohler-Cadmore,EG Barnard,4,0,,,,,,,,,,,,,
1127670,2018,2018-09-24,"County Ground, New Road, Worcester",2,23.4,23.4,Yorkshire,Worcestershire,GS Ballance,T Kohler-Cadmore,EG Barnard,0,0,,,,,,,,,,,,,
1127670,2018,2018-09-24,"County Ground, New Road, Worcester",2,23.5,23.5,Yorkshire,Worcestershire,GS Ballance,T Kohler-Cadmore,EG Barnard,0,0,,,,,,,,,,,,,
1127670,2018,2018-09-24,"County Ground, New Road, Worcester",2,23.6,23.6,Yorkshire,Worcestershire,GS Ballance,T Kohler-Cadmore,EG Barnard,0,0,,,,,,,,,,,,,
1127670,2018,2018-09-24,"County Ground, New Road, Worcester",2,24.1,24.1,Yorkshire,Worcestershire,T Kohler-Cadmore,GS Ballance,BJ Twohig,0,0,,,,,,,,,,,,,
1127670,2018,2018-09-24,"County Ground, New Road, Worcester",2,24.2,24.2,Yorkshire,Worcestershire,T Kohler-Cadmore,GS Ballance,BJ Twohig,0,0,,,,,,,,,,,,,
1127670,2018,2018-09-24,"County Ground, New Road, Worcester",2,24.3,24.3,Yorkshire,Worcestershire,T Kohler-Cadmore,GS Ballance,BJ Twohig,0,0,,,,,,,,,,,,,
1127670,2018,2018-09-24,"County Ground, New Road, Worcester",2,24.4,24.4,Yorkshire,Worcestershire,T Kohler-Cadmore,GS Ballance,BJ Twohig,0,0,,,,,,,,,,,,,
1127670,2018,2018-09-24,"County Ground, New Road, Worcester",2,24.5,24.5,Yorkshire,Worcestershire,T Kohler-Cadmore,GS Ballance,BJ Twohig,0,0,,,,,,,,,,,,,
1127670,2018,2018-09-24,"County Ground, New Road, Worcester",2,24.6,24.6,Yorkshire,Worcestershire,T Kohler-Cadmore,GS Ballance,BJ Twohig,0,0,,,,,,,,,,,,,
1127670,2018,2018-09-24,"County Ground, New Road, Worcester",2,25.1,25.1,Yorkshire,Worcestershire,GS Ballance,T Kohler-Cadmore,EG Barnard,0,0,,,,,,,,,,,,,
1127670,2018,2018-09-24,"County Ground, New Road, Worcester",2,25.2,25.2,Yorkshire,Worcestershire,GS Ballance,T Kohler-Cadmore,EG Barnard,1,0,,,,,,,,,,,,,
1127670,2018,2018-09-24,"County Ground, New Road, Worcester",2,25.3,25.3,Yorkshire,Worcestershire,T Kohler-Cadmore,GS Ballance,EG Barnard,0,0,,,,,,,,,,,,,
1127670,2018,2018-09-24,"County Ground, New Road, Worcester",2,25.4,25.4,Yorkshire,Worcestershire,T Kohler-Cadmore,GS Ballance,EG Barnard,0,1,,,,1,,,,,,,,,
1127670,2018,2018-09-24,"County Ground, New Road, Worcester",2,25.5,25.5,Yorkshire,Worcestershire,GS Ballance,T Kohler-Cadmore,EG Barnard,0,0,,,,,,,,,,,,,
1127670,2018,2018-09-24,"County Ground, New Road, Worcester",2,25.6,25.6,Yorkshire,Worcestershire,GS Ballance,T Kohler-Cadmore,EG Barnard,4,0,,,,,,,,,,,,,
1127670,2018,2018-09-24,"County Ground, New Road, Worcester",2,26.1,26.1,Yorkshire,Worcestershire,T Kohler-Cadmore,GS Ballance,BJ Twohig,0,0,,,,,,,,,,,,,
1127670,2018,2018-09-24,"County Ground, New Road, Worcester",2,26.2,26.2,Yorkshire,Worcestershire,T Kohler-Cadmore,GS Ballance,BJ Twohig,0,0,,,,,,,,,,,,,
1127670,2018,2018-09-24,"County Ground, New Road, Worcester",2,26.3,26.3,Yorkshire,Worcestershire,T Kohler-Cadmore,GS Ballance,BJ Twohig,0,0,,,,,,,,,,,,,
1127670,2018,2018-09-24,"County Ground, New Road, Worcester",2,26.4,26.4,Yorkshire,Worcestershire,T Kohler-Cadmore,GS Ballance,BJ Twohig,0,0,,,,,,,,,,,,,
1127670,2018,2018-09-24,"County Ground, New Road, Worcester",2,26.5,26.5,Yorkshire,Worcestershire,T Kohler-Cadmore,GS Ballance,BJ Twohig,0,0,,,,,,,,,,,,,
1127670,2018,2018-09-24,"County Ground, New Road, Worcester",2,26.6,26.6,Yorkshire,Worcestershire,T Kohler-Cadmore,GS Ballance,BJ Twohig,0,0,,,,,,,,,,,,,
1127670,2018,2018-09-24,"County Ground, New Road, Worcester",2,27.1,27.1,Yorkshire,Worcestershire,GS Ballance,T Kohler-Cadmore,EG Barnard,0,0,,,,,,,,,,,,,
1127670,2018,2018-09-24,"County Ground, New Road, Worcester",2,27.2,27.2,Yorkshire,Worcestershire,GS Ballance,T Kohler-Cadmore,EG Barnard,2,0,,,,,,,,,,,,,
1127670,2018,2018-09-24,"County Ground, New Road, Worcester",2,27.3,27.3,Yorkshire,Worcestershire,GS Ballance,T Kohler-Cadmore,EG Barnard,0,0,,,,,,,,,,,,,
1127670,2018,2018-09-24,"County Ground, New Road, Worcester",2,27.4,27.4,Yorkshire,Worcestershire,GS Ballance,T Kohler-Cadmore,EG Barnard,4,0,,,,,,,,,,,,,
1127670,2018,2018-09-24,"County Ground, New Road, Worcester",2,27.5,27.5,Yorkshire,Worcestershire,GS Ballance,T Kohler-Cadmore,EG Barnard,0,0,,,,,,,,,,,,,
1127670,2018,2018-09-24,"County Ground, New Road, Worcester",2,27.6,27.6,Yorkshire,Worcestershire,GS Ballance,T Kohler-Cadmore,EG Barnard,0,0,,,,,,,,,,,,,
1127670,2018,2018-09-24,"County Ground, New Road, Worcester",2,28.1,28.1,Yorkshire,Worcestershire,T Kohler-Cadmore,GS Ballance,BJ Twohig,0,0,,,,,,,,,,,,,
1127670,2018,2018-09-24,"County Ground, New Road, Worcester",2,28.2,28.2,Yorkshire,Worcestershire,T Kohler-Cadmore,GS Ballance,BJ Twohig,0,0,,,,,,,,,,,,,
1127670,2018,2018-09-24,"County Ground, New Road, Worcester",2,28.3,28.3,Yorkshire,Worcestershire,T Kohler-Cadmore,GS Ballance,BJ Twohig,1,0,,,,,,,,,,,,,
1127670,2018,2018-09-24,"County Ground, New Road, Worcester",2,28.4,28.4,Yorkshire,Worcestershire,GS Ballance,T Kohler-Cadmore,BJ Twohig,1,0,,,,,,,,,,,,,
1127670,2018,2018-09-24,"County Ground, New Road, Worcester",2,28.5,28.5,Yorkshire,Worcestershire,T Kohler-Cadmore,GS Ballance,BJ Twohig,0,0,,,,,,,,,,,,,
1127670,2018,2018-09-24,"County Ground, New Road, Worcester",2,28.6,28.6,Yorkshire,Worcestershire,T Kohler-Cadmore,GS Ballance,BJ Twohig,0,0,,,,,,,lbw,T Kohler-Cadmore,,,,,
1127670,2018,2018-09-24,"County Ground, New Road, Worcester",2,29.1,29.1,Yorkshire,Worcestershire,GS Ballance,JA Tattersall,EG Barnard,0,0,,,,,,,,,,,,,
1127670,2018,2018-09-24,"County Ground, New Road, Worcester",2,29.2,29.2,Yorkshire,Worcestershire,GS Ballance,JA Tattersall,EG Barnard,1,0,,,,,,,,,,,,,
1127670,2018,2018-09-24,"County Ground, New Road, Worcester",2,29.3,29.3,Yorkshire,Worcestershire,JA Tattersall,GS Ballance,EG Barnard,0,4,,,4,,,,,,,,,,
1127670,2018,2018-09-24,"County Ground, New Road, Worcester",2,29.4,29.4,Yorkshire,Worcestershire,JA Tattersall,GS Ballance,EG Barnard,2,0,,,,,,,,,,,,,
1127670,2018,2018-09-24,"County Ground, New Road, Worcester",2,29.5,29.5,Yorkshire,Worcestershire,JA Tattersall,GS Ballance,EG Barnard,1,0,,,,,,,,,,,,,
1127670,2018,2018-09-24,"County Ground, New Road, Worcester",2,29.6,29.6,Yorkshire,Worcestershire,GS Ballance,JA Tattersall,EG Barnard,1,0,,,,,,,,,,,,,
1127670,2018,2018-09-24,"County Ground, New Road, Worcester",2,30.1,30.1,Yorkshire,Worcestershire,GS Ballance,JA Tattersall,BJ Twohig,0,0,,,,,,,,,,,,,
1127670,2018,2018-09-24,"County Ground, New Road, Worcester",2,30.2,30.2,Yorkshire,Worcestershire,GS Ballance,JA Tattersall,BJ Twohig,0,0,,,,,,,,,,,,,
1127670,2018,2018-09-24,"County Ground, New Road, Worcester",2,30.3,30.3,Yorkshire,Worcestershire,GS Ballance,JA Tattersall,BJ Twohig,0,0,,,,,,,,,,,,,
1127670,2018,2018-09-24,"County Ground, New Road, Worcester",2,30.4,30.4,Yorkshire,Worcestershire,GS Ballance,JA Tattersall,BJ Twohig,0,0,,,,,,,,,,,,,
1127670,2018,2018-09-24,"County Ground, New Road, Worcester",2,30.5,30.5,Yorkshire,Worcestershire,GS Ballance,JA Tattersall,BJ Twohig,0,0,,,,,,,,,,,,,
1127670,2018,2018-09-24,"County Ground, New Road, Worcester",2,30.6,30.6,Yorkshire,Worcestershire,GS Ballance,JA Tattersall,BJ Twohig,1,0,,,,,,,,,,,,,
1127670,2018,2018-09-24,"County Ground, New Road, Worcester",2,31.1,31.1,Yorkshire,Worcestershire,GS Ballance,JA Tattersall,DY Pennington,0,0,,,,,,,,,,,,,
1127670,2018,2018-09-24,"County Ground, New Road, Worcester",2,31.2,31.2,Yorkshire,Worcestershire,GS Ballance,JA Tattersall,DY Pennington,0,0,,,,,,,,,,,,,
1127670,2018,2018-09-24,"County Ground, New Road, Worcester",2,31.3,31.3,Yorkshire,Worcestershire,GS Ballance,JA Tattersall,DY Pennington,1,2,,2,,,,,,,,,,,
1127670,2018,2018-09-24,"County Ground, New Road, Worcester",2,31.4,31.3,Yorkshire,Worcestershire,JA Tattersall,GS Ballance,DY Pennington,0,0,,,,,,,,,,,,,
1127670,2018,2018-09-24,"County Ground, New Road, Worcester",2,31.5,31.4,Yorkshire,Worcestershire,JA Tattersall,GS Ballance,DY Pennington,0,0,,,,,,,,,,,,,
1127670,2018,2018-09-24,"County Ground, New Road, Worcester",2,31.6,31.5,Yorkshire,Worcestershire,JA Tattersall,GS Ballance,DY Pennington,2,0,,,,,,,,,,,,,
1127670,2018,2018-09-24,"County Ground, New Road, Worcester",2,31.7,31.6,Yorkshire,Worcestershire,JA Tattersall,GS Ballance,DY Pennington,4,0,,,,,,,,,,,,,
1127670,2018,2018-09-24,"County Ground, New Road, Worcester",2,32.1,32.1,Yorkshire,Worcestershire,GS Ballance,JA Tattersall,BJ Twohig,0,4,,,4,,,,,,,,,,
1127670,2018,2018-09-24,"County Ground, New Road, Worcester",2,32.2,32.2,Yorkshire,Worcestershire,GS Ballance,JA Tattersall,BJ Twohig,0,0,,,,,,,,,,,,,
1127670,2018,2018-09-24,"County Ground, New Road, Worcester",2,32.3,32.3,Yorkshire,Worcestershire,GS Ballance,JA Tattersall,BJ Twohig,1,0,,,,,,,,,,,,,
1127670,2018,2018-09-24,"County Ground, New Road, Worcester",2,32.4,32.4,Yorkshire,Worcestershire,JA Tattersall,GS Ballance,BJ Twohig,1,0,,,,,,,,,,,,,
1127670,2018,2018-09-24,"County Ground, New Road, Worcester",2,32.5,32.5,Yorkshire,Worcestershire,GS Ballance,JA Tattersall,BJ Twohig,1,0,,,,,,,,,,,,,
1127670,2018,2018-09-24,"County Ground, New Road, Worcester",2,32.6,32.6,Yorkshire,Worcestershire,JA Tattersall,GS Ballance,BJ Twohig,0,0,,,,,,,,,,,,,
1127670,2018,2018-09-24,"County Ground, New Road, Worcester",2,33.1,33.1,Yorkshire,Worcestershire,GS Ballance,JA Tattersall,DY Pennington,0,0,,,,,,,,,,,,,
1127670,2018,2018-09-24,"County Ground, New Road, Worcester",2,33.2,33.2,Yorkshire,Worcestershire,GS Ballance,JA Tattersall,DY Pennington,0,0,,,,,,,,,,,,,
1127670,2018,2018-09-24,"County Ground, New Road, Worcester",2,33.3,33.3,Yorkshire,Worcestershire,GS Ballance,JA Tattersall,DY Pennington,0,0,,,,,,,,,,,,,
1127670,2018,2018-09-24,"County Ground, New Road, Worcester",2,33.4,33.4,Yorkshire,Worcestershire,GS Ballance,JA Tattersall,DY Pennington,0,0,,,,,,,,,,,,,
1127670,2018,2018-09-24,"County Ground, New Road, Worcester",2,33.5,33.5,Yorkshire,Worcestershire,GS Ballance,JA Tattersall,DY Pennington,0,0,,,,,,,,,,,,,
1127670,2018,2018-09-24,"County Ground, New Road, Worcester",2,33.6,33.6,Yorkshire,Worcestershire,GS Ballance,JA Tattersall,DY Pennington,0,0,,,,,,,,,,,,,
1127670,2018,2018-09-24,"County Ground, New Road, Worcester",2,34.1,34.1,Yorkshire,Worcestershire,JA Tattersall,GS Ballance,BJ Twohig,0,4,,,4,,,,,,,,,,
1127670,2018,2018-09-24,"County Ground, New Road, Worcester",2,34.2,34.2,Yorkshire,Worcestershire,JA Tattersall,GS Ballance,BJ Twohig,0,0,,,,,,,,,,,,,
1127670,2018,2018-09-24,"County Ground, New Road, Worcester",2,34.3,34.3,Yorkshire,Worcestershire,JA Tattersall,GS Ballance,BJ Twohig,0,0,,,,,,,,,,,,,
1127670,2018,2018-09-24,"County Ground, New Road, Worcester",2,34.4,34.4,Yorkshire,Worcestershire,JA Tattersall,GS Ballance,BJ Twohig,0,0,,,,,,,,,,,,,
1127670,2018,2018-09-24,"County Ground, New Road, Worcester",2,34.5,34.5,Yorkshire,Worcestershire,JA Tattersall,GS Ballance,BJ Twohig,1,0,,,,,,,,,,,,,
1127670,2018,2018-09-24,"County Ground, New Road, Worcester",2,34.6,34.6,Yorkshire,Worcestershire,GS Ballance,JA Tattersall,BJ Twohig,0,0,,,,,,,,,,,,,
1127670,2018,2018-09-24,"County Ground, New Road, Worcester",2,35.1,35.1,Yorkshire,Worcestershire,JA Tattersall,GS Ballance,DY Pennington,4,0,,,,,,,,,,,,,
1127670,2018,2018-09-24,"County Ground, New Road, Worcester",2,35.2,35.2,Yorkshire,Worcestershire,JA Tattersall,GS Ballance,DY Pennington,0,0,,,,,,,,,,,,,
1127670,2018,2018-09-24,"County Ground, New Road, Worcester",2,35.3,35.3,Yorkshire,Worcestershire,JA Tattersall,GS Ballance,DY Pennington,1,0,,,,,,,,,,,,,
1127670,2018,2018-09-24,"County Ground, New Road, Worcester",2,35.4,35.4,Yorkshire,Worcestershire,GS Ballance,JA Tattersall,DY Pennington,0,0,,,,,,,,,,,,,
1127670,2018,2018-09-24,"County Ground, New Road, Worcester",2,35.5,35.5,Yorkshire,Worcestershire,GS Ballance,JA Tattersall,DY Pennington,0,0,,,,,,,,,,,,,
1127670,2018,2018-09-24,"County Ground, New Road, Worcester",2,35.6,35.6,Yorkshire,Worcestershire,GS Ballance,JA Tattersall,DY Pennington,4,0,,,,,,,,,,,,,
1127670,2018,2018-09-24,"County Ground, New Road, Worcester",2,36.1,36.1,Yorkshire,Worcestershire,JA Tattersall,GS Ballance,BJ Twohig,0,0,,,,,,,,,,,,,
1127670,2018,2018-09-24,"County Ground, New Road, Worcester",2,36.2,36.2,Yorkshire,Worcestershire,JA Tattersall,GS Ballance,BJ Twohig,0,0,,,,,,,,,,,,,
1127670,2018,2018-09-24,"County Ground, New Road, Worcester",2,36.3,36.3,Yorkshire,Worcestershire,JA Tattersall,GS Ballance,BJ Twohig,0,0,,,,,,,,,,,,,
1127670,2018,2018-09-24,"County Ground, New Road, Worcester",2,36.4,36.4,Yorkshire,Worcestershire,JA Tattersall,GS Ballance,BJ Twohig,2,0,,,,,,,,,,,,,
1127670,2018,2018-09-24,"County Ground, New Road, Worcester",2,36.5,36.5,Yorkshire,Worcestershire,JA Tattersall,GS Ballance,BJ Twohig,0,0,,,,,,,,,,,,,
1127670,2018,2018-09-24,"County Ground, New Road, Worcester",2,36.6,36.6,Yorkshire,Worcestershire,JA Tattersall,GS Ballance,BJ Twohig,0,0,,,,,,,,,,,,,
1127670,2018,2018-09-24,"County Ground, New Road, Worcester",2,37.1,37.1,Yorkshire,Worcestershire,GS Ballance,JA Tattersall,MM Ali,1,0,,,,,,,,,,,,,
1127670,2018,2018-09-24,"County Ground, New Road, Worcester",2,37.2,37.2,Yorkshire,Worcestershire,JA Tattersall,GS Ballance,MM Ali,1,0,,,,,,,,,,,,,
1127670,2018,2018-09-24,"County Ground, New Road, Worcester",2,37.3,37.3,Yorkshire,Worcestershire,GS Ballance,JA Tattersall,MM Ali,0,0,,,,,,,,,,,,,
1127670,2018,2018-09-24,"County Ground, New Road, Worcester",2,37.4,37.4,Yorkshire,Worcestershire,GS Ballance,JA Tattersall,MM Ali,0,0,,,,,,,,,,,,,
1127670,2018,2018-09-24,"County Ground, New Road, Worcester",2,37.5,37.5,Yorkshire,Worcestershire,GS Ballance,JA Tattersall,MM Ali,0,0,,,,,,,,,,,,,
1127670,2018,2018-09-24,"County Ground, New Road, Worcester",2,37.6,37.6,Yorkshire,Worcestershire,GS Ballance,JA Tattersall,MM Ali,0,0,,,,,,,,,,,,,
1127670,2018,2018-09-24,"County Ground, New Road, Worcester",2,38.1,38.1,Yorkshire,Worcestershire,JA Tattersall,GS Ballance,JC Tongue,0,0,,,,,,,,,,,,,
1127670,2018,2018-09-24,"County Ground, New Road, Worcester",2,38.2,38.2,Yorkshire,Worcestershire,JA Tattersall,GS Ballance,JC Tongue,0,0,,,,,,,,,,,,,
1127670,2018,2018-09-24,"County Ground, New Road, Worcester",2,38.3,38.3,Yorkshire,Worcestershire,JA Tattersall,GS Ballance,JC Tongue,0,0,,,,,,,,,,,,,
1127670,2018,2018-09-24,"County Ground, New Road, Worcester",2,38.4,38.4,Yorkshire,Worcestershire,JA Tattersall,GS Ballance,JC Tongue,0,0,,,,,,,,,,,,,
1127670,2018,2018-09-24,"County Ground, New Road, Worcester",2,38.5,38.5,Yorkshire,Worcestershire,JA Tattersall,GS Ballance,JC Tongue,0,0,,,,,,,,,,,,,
1127670,2018,2018-09-24,"County Ground, New Road, Worcester",2,38.6,38.6,Yorkshire,Worcestershire,JA Tattersall,GS Ballance,JC Tongue,0,0,,,,,,,,,,,,,
1127670,2018,2018-09-24,"County Ground, New Road, Worcester",2,39.1,39.1,Yorkshire,Worcestershire,GS Ballance,JA Tattersall,MM Ali,0,0,,,,,,,,,,,,,
1127670,2018,2018-09-24,"County Ground, New Road, Worcester",2,39.2,39.2,Yorkshire,Worcestershire,GS Ballance,JA Tattersall,MM Ali,0,0,,,,,,,,,,,,,
1127670,2018,2018-09-24,"County Ground, New Road, Worcester",2,39.3,39.3,Yorkshire,Worcestershire,GS Ballance,JA Tattersall,MM Ali,0,0,,,,,,,,,,,,,
1127670,2018,2018-09-24,"County Ground, New Road, Worcester",2,39.4,39.4,Yorkshire,Worcestershire,GS Ballance,JA Tattersall,MM Ali,0,0,,,,,,,,,,,,,
1127670,2018,2018-09-24,"County Ground, New Road, Worcester",2,39.5,39.5,Yorkshire,Worcestershire,GS Ballance,JA Tattersall,MM Ali,0,0,,,,,,,,,,,,,
1127670,2018,2018-09-24,"County Ground, New Road, Worcester",2,39.6,39.6,Yorkshire,Worcestershire,GS Ballance,JA Tattersall,MM Ali,0,0,,,,,,,,,,,,,
1127670,2018,2018-09-24,"County Ground, New Road, Worcester",2,40.1,40.1,Yorkshire,Worcestershire,JA Tattersall,GS Ballance,JC Tongue,0,0,,,,,,,,,,,,,
1127670,2018,2018-09-24,"County Ground, New Road, Worcester",2,40.2,40.2,Yorkshire,Worcestershire,JA Tattersall,GS Ballance,JC Tongue,0,0,,,,,,,bowled,JA Tattersall,,,,,
1127670,2018,2018-09-24,"County Ground, New Road, Worcester",2,40.3,40.3,Yorkshire,Worcestershire,TT Bresnan,GS Ballance,JC Tongue,0,0,,,,,,,,,,,,,
1127670,2018,2018-09-24,"County Ground, New Road, Worcester",2,40.4,40.4,Yorkshire,Worcestershire,TT Bresnan,GS Ballance,JC Tongue,0,0,,,,,,,,,,,,,
1127670,2018,2018-09-24,"County Ground, New Road, Worcester",2,40.5,40.5,Yorkshire,Worcestershire,TT Bresnan,GS Ballance,JC Tongue,0,0,,,,,,,,,,,,,
1127670,2018,2018-09-24,"County Ground, New Road, Worcester",2,40.6,40.6,Yorkshire,Worcestershire,TT Bresnan,GS Ballance,JC Tongue,0,0,,,,,,,,,,,,,
1127670,2018,2018-09-24,"County Ground, New Road, Worcester",2,41.1,41.1,Yorkshire,Worcestershire,GS Ballance,TT Bresnan,MM Ali,0,0,,,,,,,,,,,,,
1127670,2018,2018-09-24,"County Ground, New Road, Worcester",2,41.2,41.2,Yorkshire,Worcestershire,GS Ballance,TT Bresnan,MM Ali,0,0,,,,,,,,,,,,,
1127670,2018,2018-09-24,"County Ground, New Road, Worcester",2,41.3,41.3,Yorkshire,Worcestershire,GS Ballance,TT Bresnan,MM Ali,4,0,,,,,,,,,,,,,
1127670,2018,2018-09-24,"County Ground, New Road, Worcester",2,41.4,41.4,Yorkshire,Worcestershire,GS Ballance,TT Bresnan,MM Ali,0,0,,,,,,,,,,,,,
1127670,2018,2018-09-24,"County Ground, New Road, Worcester",2,41.5,41.5,Yorkshire,Worcestershire,GS Ballance,TT Bresnan,MM Ali,0,0,,,,,,,,,,,,,
1127670,2018,2018-09-24,"County Ground, New Road, Worcester",2,41.6,41.6,Yorkshire,Worcestershire,GS Ballance,TT Bresnan,MM Ali,0,0,,,,,,,,,,,,,
1127670,2018,2018-09-24,"County Ground, New Road, Worcester",2,42.1,42.1,Yorkshire,Worcestershire,TT Bresnan,GS Ballance,JC Tongue,0,0,,,,,,,,,,,,,
1127670,2018,2018-09-24,"County Ground, New Road, Worcester",2,42.2,42.2,Yorkshire,Worcestershire,TT Bresnan,GS Ballance,JC Tongue,1,0,,,,,,,,,,,,,
1127670,2018,2018-09-24,"County Ground, New Road, Worcester",2,42.3,42.3,Yorkshire,Worcestershire,GS Ballance,TT Bresnan,JC Tongue,4,0,,,,,,,,,,,,,
1127670,2018,2018-09-24,"County Ground, New Road, Worcester",2,42.4,42.4,Yorkshire,Worcestershire,GS Ballance,TT Bresnan,JC Tongue,0,0,,,,,,,,,,,,,
1127670,2018,2018-09-24,"County Ground, New Road, Worcester",2,42.5,42.5,Yorkshire,Worcestershire,GS Ballance,TT Bresnan,JC Tongue,0,0,,,,,,,,,,,,,
1127670,2018,2018-09-24,"County Ground, New Road, Worcester",2,42.6,42.6,Yorkshire,Worcestershire,GS Ballance,TT Bresnan,JC Tongue,0,0,,,,,,,,,,,,,
1127670,2018,2018-09-24,"County Ground, New Road, Worcester",2,43.1,43.1,Yorkshire,Worcestershire,TT Bresnan,GS Ballance,MM Ali,1,0,,,,,,,,,,,,,
1127670,2018,2018-09-24,"County Ground, New Road, Worcester",2,43.2,43.2,Yorkshire,Worcestershire,GS Ballance,TT Bresnan,MM Ali,4,0,,,,,,,,,,,,,
1127670,2018,2018-09-24,"County Ground, New Road, Worcester",2,43.3,43.3,Yorkshire,Worcestershire,GS Ballance,TT Bresnan,MM Ali,0,0,,,,,,,,,,,,,
1127670,2018,2018-09-24,"County Ground, New Road, Worcester",2,43.4,43.4,Yorkshire,Worcestershire,GS Ballance,TT Bresnan,MM Ali,0,0,,,,,,,,,,,,,
1127670,2018,2018-09-24,"County Ground, New Road, Worcester",2,43.5,43.5,Yorkshire,Worcestershire,GS Ballance,TT Bresnan,MM Ali,0,0,,,,,,,,,,,,,
1127670,2018,2018-09-24,"County Ground, New Road, Worcester",2,43.6,43.6,Yorkshire,Worcestershire,GS Ballance,TT Bresnan,MM Ali,2,0,,,,,,,,,,,,,
1127670,2018,2018-09-24,"County Ground, New Road, Worcester",2,44.1,44.1,Yorkshire,Worcestershire,TT Bresnan,GS Ballance,JC Tongue,0,0,,,,,,,,,,,,,
1127670,2018,2018-09-24,"County Ground, New Road, Worcester",2,44.2,44.2,Yorkshire,Worcestershire,TT Bresnan,GS Ballance,JC Tongue,0,0,,,,,,,,,,,,,
1127670,2018,2018-09-24,"County Ground, New Road, Worcester",2,44.3,44.3,Yorkshire,Worcestershire,TT Bresnan,GS Ballance,JC Tongue,0,0,,,,,,,,,,,,,
1127670,2018,2018-09-24,"County Ground, New Road, Worcester",2,44.4,44.4,Yorkshire,Worcestershire,TT Bresnan,GS Ballance,JC Tongue,0,0,,,,,,,,,,,,,
1127670,2018,2018-09-24,"County Ground, New Road, Worcester",2,44.5,44.5,Yorkshire,Worcestershire,TT Bresnan,GS Ballance,JC Tongue,1,0,,,,,,,,,,,,,
1127670,2018,2018-09-24,"County Ground, New Road, Worcester",2,44.6,44.6,Yorkshire,Worcestershire,GS Ballance,TT Bresnan,JC Tongue,0,0,,,,,,,,,,,,,
1127670,2018,2018-09-24,"County Ground, New Road, Worcester",2,45.1,45.1,Yorkshire,Worcestershire,TT Bresnan,GS Ballance,MM Ali,0,0,,,,,,,,,,,,,
1127670,2018,2018-09-24,"County Ground, New Road, Worcester",2,45.2,45.2,Yorkshire,Worcestershire,TT Bresnan,GS Ballance,MM Ali,0,0,,,,,,,,,,,,,
1127670,2018,2018-09-24,"County Ground, New Road, Worcester",2,45.3,45.3,Yorkshire,Worcestershire,TT Bresnan,GS Ballance,MM Ali,0,0,,,,,,,,,,,,,
1127670,2018,2018-09-24,"County Ground, New Road, Worcester",2,45.4,45.4,Yorkshire,Worcestershire,TT Bresnan,GS Ballance,MM Ali,4,0,,,,,,,,,,,,,
1127670,2018,2018-09-24,"County Ground, New Road, Worcester",2,45.5,45.5,Yorkshire,Worcestershire,TT Bresnan,GS Ballance,MM Ali,0,0,,,,,,,,,,,,,
1127670,2018,2018-09-24,"County Ground, New Road, Worcester",2,45.6,45.6,Yorkshire,Worcestershire,TT Bresnan,GS Ballance,MM Ali,0,0,,,,,,,,,,,,,
1127670,2018,2018-09-24,"County Ground, New Road, Worcester",2,46.1,46.1,Yorkshire,Worcestershire,GS Ballance,TT Bresnan,JC Tongue,0,0,,,,,,,,,,,,,
1127670,2018,2018-09-24,"County Ground, New Road, Worcester",2,46.2,46.2,Yorkshire,Worcestershire,GS Ballance,TT Bresnan,JC Tongue,0,0,,,,,,,,,,,,,
1127670,2018,2018-09-24,"County Ground, New Road, Worcester",2,46.3,46.3,Yorkshire,Worcestershire,GS Ballance,TT Bresnan,JC Tongue,0,0,,,,,,,,,,,,,
1127670,2018,2018-09-24,"County Ground, New Road, Worcester",2,46.4,46.4,Yorkshire,Worcestershire,GS Ballance,TT Bresnan,JC Tongue,1,0,,,,,,,,,,,,,
1127670,2018,2018-09-24,"County Ground, New Road, Worcester",2,46.5,46.5,Yorkshire,Worcestershire,TT Bresnan,GS Ballance,JC Tongue,0,0,,,,,,,,,,,,,
1127670,2018,2018-09-24,"County Ground, New Road, Worcester",2,46.6,46.6,Yorkshire,Worcestershire,TT Bresnan,GS Ballance,JC Tongue,0,1,,,,1,,,,,,,,,
1127670,2018,2018-09-24,"County Ground, New Road, Worcester",2,47.1,47.1,Yorkshire,Worcestershire,TT Bresnan,GS Ballance,DY Pennington,0,0,,,,,,,caught,TT Bresnan,,,DKH Mitchell,,
1127670,2018,2018-09-24,"County Ground, New Road, Worcester",2,47.2,47.2,Yorkshire,Worcestershire,SA Patterson,GS Ballance,DY Pennington,4,0,,,,,,,,,,,,,
1127670,2018,2018-09-24,"County Ground, New Road, Worcester",2,47.3,47.3,Yorkshire,Worcestershire,SA Patterson,GS Ballance,DY Pennington,0,0,,,,,,,,,,,,,
1127670,2018,2018-09-24,"County Ground, New Road, Worcester",2,47.4,47.4,Yorkshire,Worcestershire,SA Patterson,GS Ballance,DY Pennington,0,0,,,,,,,,,,,,,
1127670,2018,2018-09-24,"County Ground, New Road, Worcester",2,47.5,47.5,Yorkshire,Worcestershire,SA Patterson,GS Ballance,DY Pennington,0,0,,,,,,,,,,,,,
1127670,2018,2018-09-24,"County Ground, New Road, Worcester",2,47.6,47.6,Yorkshire,Worcestershire,SA Patterson,GS Ballance,DY Pennington,1,0,,,,,,,,,,,,,
1127670,2018,2018-09-24,"County Ground, New Road, Worcester",2,48.1,48.1,Yorkshire,Worcestershire,SA Patterson,GS Ballance,JC Tongue,1,0,,,,,,,,,,,,,
1127670,2018,2018-09-24,"County Ground, New Road, Worcester",2,48.2,48.2,Yorkshire,Worcestershire,GS Ballance,SA Patterson,JC Tongue,1,0,,,,,,,,,,,,,
1127670,2018,2018-09-24,"County Ground, New Road, Worcester",2,48.3,48.3,Yorkshire,Worcestershire,SA Patterson,GS Ballance,JC Tongue,0,0,,,,,,,,,,,,,
1127670,2018,2018-09-24,"County Ground, New Road, Worcester",2,48.4,48.4,Yorkshire,Worcestershire,SA Patterson,GS Ballance,JC Tongue,0,0,,,,,,,,,,,,,
1127670,2018,2018-09-24,"County Ground, New Road, Worcester",2,48.5,48.5,Yorkshire,Worcestershire,SA Patterson,GS Ballance,JC Tongue,0,2,,2,,,,,,,,,,,
1127670,2018,2018-09-24,"County Ground, New Road, Worcester",2,48.6,48.5,Yorkshire,Worcestershire,SA Patterson,GS Ballance,JC Tongue,0,0,,,,,,,,,,,,,
1127670,2018,2018-09-24,"County Ground, New Road, Worcester",2,48.7,48.6,Yorkshire,Worcestershire,SA Patterson,GS Ballance,JC Tongue,0,0,,,,,,,bowled,SA Patterson,,,,,
1127670,2018,2018-09-24,"County Ground, New Road, Worcester",2,49.1,49.1,Yorkshire,Worcestershire,GS Ballance,JEG Logan,DY Pennington,0,0,,,,,,,,,,,,,
1127670,2018,2018-09-24,"County Ground, New Road, Worcester",2,49.2,49.2,Yorkshire,Worcestershire,GS Ballance,JEG Logan,DY Pennington,4,0,,,,,,,,,,,,,
1127670,2018,2018-09-24,"County Ground, New Road, Worcester",2,49.3,49.3,Yorkshire,Worcestershire,GS Ballance,JEG Logan,DY Pennington,1,0,,,,,,,,,,,,,
1127670,2018,2018-09-24,"County Ground, New Road, Worcester",2,49.4,49.4,Yorkshire,Worcestershire,JEG Logan,GS Ballance,DY Pennington,0,0,,,,,,,,,,,,,
1127670,2018,2018-09-24,"County Ground, New Road, Worcester",2,49.5,49.5,Yorkshire,Worcestershire,JEG Logan,GS Ballance,DY Pennington,0,0,,,,,,,,,,,,,
1127670,2018,2018-09-24,"County Ground, New Road, Worcester",2,49.6,49.6,Yorkshire,Worcestershire,JEG Logan,GS Ballance,DY Pennington,0,0,,,,,,,,,,,,,
1127670,2018,2018-09-24,"County Ground, New Road, Worcester",2,50.1,50.1,Yorkshire,Worcestershire,GS Ballance,JEG Logan,JC Tongue,1,0,,,,,,,,,,,,,
1127670,2018,2018-09-24,"County Ground, New Road, Worcester",2,50.2,50.2,Yorkshire,Worcestershire,JEG Logan,GS Ballance,JC Tongue,0,0,,,,,,,,,,,,,
1127670,2018,2018-09-24,"County Ground, New Road, Worcester",2,50.3,50.3,Yorkshire,Worcestershire,JEG Logan,GS Ballance,JC Tongue,0,0,,,,,,,,,,,,,
1127670,2018,2018-09-24,"County Ground, New Road, Worcester",2,50.4,50.4,Yorkshire,Worcestershire,JEG Logan,GS Ballance,JC Tongue,0,0,,,,,,,,,,,,,
1127670,2018,2018-09-24,"County Ground, New Road, Worcester",2,50.5,50.5,Yorkshire,Worcestershire,JEG Logan,GS Ballance,JC Tongue,1,0,,,,,,,,,,,,,
1127670,2018,2018-09-24,"County Ground, New Road, Worcester",2,50.6,50.6,Yorkshire,Worcestershire,GS Ballance,JEG Logan,JC Tongue,0,0,,,,,,,,,,,,,
1127670,2018,2018-09-24,"County Ground, New Road, Worcester",2,51.1,51.1,Yorkshire,Worcestershire,JEG Logan,GS Ballance,DY Pennington,0,0,,,,,,,,,,,,,
1127670,2018,2018-09-24,"County Ground, New Road, Worcester",2,51.2,51.2,Yorkshire,Worcestershire,JEG Logan,GS Ballance,DY Pennington,0,0,,,,,,,,,,,,,
1127670,2018,2018-09-24,"County Ground, New Road, Worcester",2,51.3,51.3,Yorkshire,Worcestershire,JEG Logan,GS Ballance,DY Pennington,0,0,,,,,,,,,,,,,
1127670,2018,2018-09-24,"County Ground, New Road, Worcester",2,51.4,51.4,Yorkshire,Worcestershire,JEG Logan,GS Ballance,DY Pennington,0,0,,,,,,,,,,,,,
1127670,2018,2018-09-24,"County Ground, New Road, Worcester",2,51.5,51.5,Yorkshire,Worcestershire,JEG Logan,GS Ballance,DY Pennington,0,0,,,,,,,,,,,,,
1127670,2018,2018-09-24,"County Ground, New Road, Worcester",2,51.6,51.6,Yorkshire,Worcestershire,JEG Logan,GS Ballance,DY Pennington,0,0,,,,,,,,,,,,,
1127670,2018,2018-09-24,"County Ground, New Road, Worcester",2,52.1,52.1,Yorkshire,Worcestershire,GS Ballance,JEG Logan,BJ Twohig,0,0,,,,,,,,,,,,,
1127670,2018,2018-09-24,"County Ground, New Road, Worcester",2,52.2,52.2,Yorkshire,Worcestershire,GS Ballance,JEG Logan,BJ Twohig,1,0,,,,,,,,,,,,,
1127670,2018,2018-09-24,"County Ground, New Road, Worcester",2,52.3,52.3,Yorkshire,Worcestershire,JEG Logan,GS Ballance,BJ Twohig,0,0,,,,,,,,,,,,,
1127670,2018,2018-09-24,"County Ground, New Road, Worcester",2,52.4,52.4,Yorkshire,Worcestershire,JEG Logan,GS Ballance,BJ Twohig,0,0,,,,,,,,,,,,,
1127670,2018,2018-09-24,"County Ground, New Road, Worcester",2,52.5,52.5,Yorkshire,Worcestershire,JEG Logan,GS Ballance,BJ Twohig,0,0,,,,,,,,,,,,,
1127670,2018,2018-09-24,"County Ground, New Road, Worcester",2,52.6,52.6,Yorkshire,Worcestershire,JEG Logan,GS Ballance,BJ Twohig,0,0,,,,,,,,,,,,,
1127670,2018,2018-09-24,"County Ground, New Road, Worcester",2,53.1,53.1,Yorkshire,Worcestershire,GS Ballance,JEG Logan,DY Pennington,1,0,,,,,,,,,,,,,
1127670,2018,2018-09-24,"County Ground, New Road, Worcester",2,53.2,53.2,Yorkshire,Worcestershire,JEG Logan,GS Ballance,DY Pennington,1,0,,,,,,,,,,,,,
1127670,2018,2018-09-24,"County Ground, New Road, Worcester",2,53.3,53.3,Yorkshire,Worcestershire,GS Ballance,JEG Logan,DY Pennington,1,0,,,,,,,,,,,,,
1127670,2018,2018-09-24,"County Ground, New Road, Worcester",2,53.4,53.4,Yorkshire,Worcestershire,JEG Logan,GS Ballance,DY Pennington,0,0,,,,,,,,,,,,,
1127670,2018,2018-09-24,"County Ground, New Road, Worcester",2,53.5,53.5,Yorkshire,Worcestershire,JEG Logan,GS Ballance,DY Pennington,0,0,,,,,,,,,,,,,
1127670,2018,2018-09-24,"County Ground, New Road, Worcester",2,53.6,53.6,Yorkshire,Worcestershire,JEG Logan,GS Ballance,DY Pennington,2,0,,,,,,,,,,,,,
1127670,2018,2018-09-24,"County Ground, New Road, Worcester",2,54.1,54.1,Yorkshire,Worcestershire,GS Ballance,JEG Logan,BJ Twohig,0,0,,,,,,,,,,,,,
1127670,2018,2018-09-24,"County Ground, New Road, Worcester",2,54.2,54.2,Yorkshire,Worcestershire,GS Ballance,JEG Logan,BJ Twohig,0,0,,,,,,,,,,,,,
1127670,2018,2018-09-24,"County Ground, New Road, Worcester",2,54.3,54.3,Yorkshire,Worcestershire,GS Ballance,JEG Logan,BJ Twohig,4,0,,,,,,,,,,,,,
1127670,2018,2018-09-24,"County Ground, New Road, Worcester",2,54.4,54.4,Yorkshire,Worcestershire,GS Ballance,JEG Logan,BJ Twohig,0,0,,,,,,,,,,,,,
1127670,2018,2018-09-24,"County Ground, New Road, Worcester",2,54.5,54.5,Yorkshire,Worcestershire,GS Ballance,JEG Logan,BJ Twohig,0,0,,,,,,,,,,,,,
1127670,2018,2018-09-24,"County Ground, New Road, Worcester",2,54.6,54.6,Yorkshire,Worcestershire,GS Ballance,JEG Logan,BJ Twohig,1,0,,,,,,,,,,,,,
1127670,2018,2018-09-24,"County Ground, New Road, Worcester",2,55.1,55.1,Yorkshire,Worcestershire,GS Ballance,JEG Logan,MM Ali,1,0,,,,,,,,,,,,,
1127670,2018,2018-09-24,"County Ground, New Road, Worcester",2,55.2,55.2,Yorkshire,Worcestershire,JEG Logan,GS Ballance,MM Ali,1,0,,,,,,,,,,,,,
1127670,2018,2018-09-24,"County Ground, New Road, Worcester",2,55.3,55.3,Yorkshire,Worcestershire,GS Ballance,JEG Logan,MM Ali,1,0,,,,,,,,,,,,,
1127670,2018,2018-09-24,"County Ground, New Road, Worcester",2,55.4,55.4,Yorkshire,Worcestershire,JEG Logan,GS Ballance,MM Ali,0,0,,,,,,,,,,,,,
1127670,2018,2018-09-24,"County Ground, New Road, Worcester",2,55.5,55.5,Yorkshire,Worcestershire,JEG Logan,GS Ballance,MM Ali,0,0,,,,,,,,,,,,,
1127670,2018,2018-09-24,"County Ground, New Road, Worcester",2,55.6,55.6,Yorkshire,Worcestershire,JEG Logan,GS Ballance,MM Ali,0,0,,,,,,,,,,,,,
1127670,2018,2018-09-24,"County Ground, New Road, Worcester",2,56.1,56.1,Yorkshire,Worcestershire,GS Ballance,JEG Logan,WD Parnell,0,0,,,,,,,,,,,,,
1127670,2018,2018-09-24,"County Ground, New Road, Worcester",2,56.2,56.2,Yorkshire,Worcestershire,GS Ballance,JEG Logan,WD Parnell,0,0,,,,,,,,,,,,,
1127670,2018,2018-09-24,"County Ground, New Road, Worcester",2,56.3,56.3,Yorkshire,Worcestershire,GS Ballance,JEG Logan,WD Parnell,0,0,,,,,,,,,,,,,
1127670,2018,2018-09-24,"County Ground, New Road, Worcester",2,56.4,56.4,Yorkshire,Worcestershire,GS Ballance,JEG Logan,WD Parnell,1,0,,,,,,,,,,,,,
1127670,2018,2018-09-24,"County Ground, New Road, Worcester",2,56.5,56.5,Yorkshire,Worcestershire,JEG Logan,GS Ballance,WD Parnell,1,0,,,,,,,,,,,,,
1127670,2018,2018-09-24,"County Ground, New Road, Worcester",2,56.6,56.6,Yorkshire,Worcestershire,GS Ballance,JEG Logan,WD Parnell,4,0,,,,,,,,,,,,,
1127670,2018,2018-09-24,"County Ground, New Road, Worcester",2,57.1,57.1,Yorkshire,Worcestershire,JEG Logan,GS Ballance,MM Ali,0,0,,,,,,,,,,,,,
1127670,2018,2018-09-24,"County Ground, New Road, Worcester",2,57.2,57.2,Yorkshire,Worcestershire,JEG Logan,GS Ballance,MM Ali,0,1,,,1,,,,,,,,,,
1127670,2018,2018-09-24,"County Ground, New Road, Worcester",2,57.3,57.3,Yorkshire,Worcestershire,GS Ballance,JEG Logan,MM Ali,1,0,,,,,,,,,,,,,
1127670,2018,2018-09-24,"County Ground, New Road, Worcester",2,57.4,57.4,Yorkshire,Worcestershire,JEG Logan,GS Ballance,MM Ali,0,0,,,,,,,,,,,,,
1127670,2018,2018-09-24,"County Ground, New Road, Worcester",2,57.5,57.5,Yorkshire,Worcestershire,JEG Logan,GS Ballance,MM Ali,0,0,,,,,,,,,,,,,
1127670,2018,2018-09-24,"County Ground, New Road, Worcester",2,57.6,57.6,Yorkshire,Worcestershire,JEG Logan,GS Ballance,MM Ali,0,0,,,,,,,,,,,,,
1127670,2018,2018-09-24,"County Ground, New Road, Worcester",2,58.1,58.1,Yorkshire,Worcestershire,GS Ballance,JEG Logan,WD Parnell,4,0,,,,,,,,,,,,,
1127670,2018,2018-09-24,"County Ground, New Road, Worcester",2,58.2,58.2,Yorkshire,Worcestershire,GS Ballance,JEG Logan,WD Parnell,0,0,,,,,,,,,,,,,
1127670,2018,2018-09-24,"County Ground, New Road, Worcester",2,58.3,58.3,Yorkshire,Worcestershire,GS Ballance,JEG Logan,WD Parnell,0,0,,,,,,,,,,,,,
1127670,2018,2018-09-24,"County Ground, New Road, Worcester",2,58.4,58.4,Yorkshire,Worcestershire,GS Ballance,JEG Logan,WD Parnell,0,0,,,,,,,,,,,,,
1127670,2018,2018-09-24,"County Ground, New Road, Worcester",2,58.5,58.5,Yorkshire,Worcestershire,GS Ballance,JEG Logan,WD Parnell,0,0,,,,,,,,,,,,,
1127670,2018,2018-09-24,"County Ground, New Road, Worcester",2,58.6,58.6,Yorkshire,Worcestershire,GS Ballance,JEG Logan,WD Parnell,0,2,,2,,,,,,,,,,,
1127670,2018,2018-09-24,"County Ground, New Road, Worcester",2,58.7,58.6,Yorkshire,Worcestershire,GS Ballance,JEG Logan,WD Parnell,4,0,,,,,,,,,,,,,
1127670,2018,2018-09-24,"County Ground, New Road, Worcester",2,59.1,59.1,Yorkshire,Worcestershire,JEG Logan,GS Ballance,MM Ali,0,0,,,,,,,,,,,,,
1127670,2018,2018-09-24,"County Ground, New Road, Worcester",2,59.2,59.2,Yorkshire,Worcestershire,JEG Logan,GS Ballance,MM Ali,0,0,,,,,,,,,,,,,
1127670,2018,2018-09-24,"County Ground, New Road, Worcester",2,59.3,59.3,Yorkshire,Worcestershire,JEG Logan,GS Ballance,MM Ali,0,0,,,,,,,,,,,,,
1127670,2018,2018-09-24,"County Ground, New Road, Worcester",2,59.4,59.4,Yorkshire,Worcestershire,JEG Logan,GS Ballance,MM Ali,0,0,,,,,,,,,,,,,
1127670,2018,2018-09-24,"County Ground, New Road, Worcester",2,59.5,59.5,Yorkshire,Worcestershire,JEG Logan,GS Ballance,MM Ali,0,0,,,,,,,lbw,JEG Logan,,,,,
1127670,2018,2018-09-24,"County Ground, New Road, Worcester",2,59.6,59.6,Yorkshire,Worcestershire,JA Brooks,GS Ballance,MM Ali,0,0,,,,,,,,,,,,,
1127670,2018,2018-09-24,"County Ground, New Road, Worcester",2,60.1,60.1,Yorkshire,Worcestershire,GS Ballance,JA Brooks,WD Parnell,2,0,,,,,,,,,,,,,
1127670,2018,2018-09-24,"County Ground, New Road, Worcester",2,60.2,60.2,Yorkshire,Worcestershire,GS Ballance,JA Brooks,WD Parnell,1,0,,,,,,,,,,,,,
1127670,2018,2018-09-24,"County Ground, New Road, Worcester",2,60.3,60.3,Yorkshire,Worcestershire,JA Brooks,GS Ballance,WD Parnell,0,0,,,,,,,,,,,,,
1127670,2018,2018-09-24,"County Ground, New Road, Worcester",2,60.4,60.4,Yorkshire,Worcestershire,JA Brooks,GS Ballance,WD Parnell,0,0,,,,,,,,,,,,,
1127670,2018,2018-09-24,"County Ground, New Road, Worcester",2,60.5,60.5,Yorkshire,Worcestershire,JA Brooks,GS Ballance,WD Parnell,0,0,,,,,,,,,,,,,
1127670,2018,2018-09-24,"County Ground, New Road, Worcester",2,60.6,60.6,Yorkshire,Worcestershire,JA Brooks,GS Ballance,WD Parnell,3,0,,,,,,,,,,,,,
1127670,2018,2018-09-24,"County Ground, New Road, Worcester",2,61.1,61.1,Yorkshire,Worcestershire,JA Brooks,GS Ballance,MM Ali,0,0,,,,,,,,,,,,,
1127670,2018,2018-09-24,"County Ground, New Road, Worcester",2,61.2,61.2,Yorkshire,Worcestershire,JA Brooks,GS Ballance,MM Ali,0,0,,,,,,,,,,,,,
1127670,2018,2018-09-24,"County Ground, New Road, Worcester",2,61.3,61.3,Yorkshire,Worcestershire,JA Brooks,GS Ballance,MM Ali,0,0,,,,,,,,,,,,,
1127670,2018,2018-09-24,"County Ground, New Road, Worcester",2,61.4,61.4,Yorkshire,Worcestershire,JA Brooks,GS Ballance,MM Ali,0,0,,,,,,,,,,,,,
1127670,2018,2018-09-24,"County Ground, New Road, Worcester",2,61.5,61.5,Yorkshire,Worcestershire,JA Brooks,GS Ballance,MM Ali,0,0,,,,,,,,,,,,,
1127670,2018,2018-09-24,"County Ground, New Road, Worcester",2,61.6,61.6,Yorkshire,Worcestershire,JA Brooks,GS Ballance,MM Ali,1,0,,,,,,,,,,,,,
1127670,2018,2018-09-24,"County Ground, New Road, Worcester",2,62.1,62.1,Yorkshire,Worcestershire,JA Brooks,GS Ballance,WD Parnell,0,0,,,,,,,,,,,,,
1127670,2018,2018-09-24,"County Ground, New Road, Worcester",2,62.2,62.2,Yorkshire,Worcestershire,JA Brooks,GS Ballance,WD Parnell,0,0,,,,,,,,,,,,,
1127670,2018,2018-09-24,"County Ground, New Road, Worcester",2,62.3,62.3,Yorkshire,Worcestershire,JA Brooks,GS Ballance,WD Parnell,0,1,,,,1,,,,,,,,,
1127670,2018,2018-09-24,"County Ground, New Road, Worcester",2,62.4,62.4,Yorkshire,Worcestershire,GS Ballance,JA Brooks,WD Parnell,0,1,,,,1,,,,,,,,,
1127670,2018,2018-09-24,"County Ground, New Road, Worcester",2,62.5,62.5,Yorkshire,Worcestershire,JA Brooks,GS Ballance,WD Parnell,2,0,,,,,,,,,,,,,
1127670,2018,2018-09-24,"County Ground, New Road, Worcester",2,62.6,62.6,Yorkshire,Worcestershire,JA Brooks,GS Ballance,WD Parnell,0,0,,,,,,,,,,,,,
1127670,2018,2018-09-24,"County Ground, New Road, Worcester",2,63.1,63.1,Yorkshire,Worcestershire,GS Ballance,JA Brooks,MM Ali,1,0,,,,,,,,,,,,,
1127670,2018,2018-09-24,"County Ground, New Road, Worcester",2,63.2,63.2,Yorkshire,Worcestershire,JA Brooks,GS Ballance,MM Ali,3,0,,,,,,,,,,,,,
1127670,2018,2018-09-24,"County Ground, New Road, Worcester",2,63.3,63.3,Yorkshire,Worcestershire,GS Ballance,JA Brooks,MM Ali,0,0,,,,,,,,,,,,,
1127670,2018,2018-09-24,"County Ground, New Road, Worcester",2,63.4,63.4,Yorkshire,Worcestershire,GS Ballance,JA Brooks,MM Ali,0,0,,,,,,,,,,,,,
1127670,2018,2018-09-24,"County Ground, New Road, Worcester",2,63.5,63.5,Yorkshire,Worcestershire,GS Ballance,JA Brooks,MM Ali,0,0,,,,,,,,,,,,,
1127670,2018,2018-09-24,"County Ground, New Road, Worcester",2,63.6,63.6,Yorkshire,Worcestershire,GS Ballance,JA Brooks,MM Ali,0,0,,,,,,,,,,,,,
1127670,2018,2018-09-24,"County Ground, New Road, Worcester",2,64.1,64.1,Yorkshire,Worcestershire,JA Brooks,GS Ballance,WD Parnell,0,0,,,,,,,,,,,,,
1127670,2018,2018-09-24,"County Ground, New Road, Worcester",2,64.2,64.2,Yorkshire,Worcestershire,JA Brooks,GS Ballance,WD Parnell,4,0,,,,,,,,,,,,,
1127670,2018,2018-09-24,"County Ground, New Road, Worcester",2,64.3,64.3,Yorkshire,Worcestershire,JA Brooks,GS Ballance,WD Parnell,0,0,,,,,,,,,,,,,
1127670,2018,2018-09-24,"County Ground, New Road, Worcester",2,64.4,64.4,Yorkshire,Worcestershire,JA Brooks,GS Ballance,WD Parnell,4,0,,,,,,,,,,,,,
1127670,2018,2018-09-24,"County Ground, New Road, Worcester",2,64.5,64.5,Yorkshire,Worcestershire,JA Brooks,GS Ballance,WD Parnell,0,0,,,,,,,,,,,,,
1127670,2018,2018-09-24,"County Ground, New Road, Worcester",2,64.6,64.6,Yorkshire,Worcestershire,JA Brooks,GS Ballance,WD Parnell,0,0,,,,,,,,,,,,,
1127670,2018,2018-09-24,"County Ground, New Road, Worcester",2,65.1,65.1,Yorkshire,Worcestershire,GS Ballance,JA Brooks,MM Ali,1,0,,,,,,,,,,,,,
1127670,2018,2018-09-24,"County Ground, New Road, Worcester",2,65.2,65.2,Yorkshire,Worcestershire,JA Brooks,GS Ballance,MM Ali,0,0,,,,,,,,,,,,,
1127670,2018,2018-09-24,"County Ground, New Road, Worcester",2,65.3,65.3,Yorkshire,Worcestershire,JA Brooks,GS Ballance,MM Ali,0,0,,,,,,,,,,,,,
1127670,2018,2018-09-24,"County Ground, New Road, Worcester",2,65.4,65.4,Yorkshire,Worcestershire,JA Brooks,GS Ballance,MM Ali,2,0,,,,,,,,,,,,,
1127670,2018,2018-09-24,"County Ground, New Road, Worcester",2,65.5,65.5,Yorkshire,Worcestershire,JA Brooks,GS Ballance,MM Ali,0,0,,,,,,,,,,,,,
1127670,2018,2018-09-24,"County Ground, New Road, Worcester",2,65.6,65.6,Yorkshire,Worcestershire,JA Brooks,GS Ballance,MM Ali,0,0,,,,,,,,,,,,,
1127670,2018,2018-09-24,"County Ground, New Road, Worcester",2,66.1,66.1,Yorkshire,Worcestershire,GS Ballance,JA Brooks,WD Parnell,0,0,,,,,,,,,,,,,
1127670,2018,2018-09-24,"County Ground, New Road, Worcester",2,66.2,66.2,Yorkshire,Worcestershire,GS Ballance,JA Brooks,WD Parnell,4,0,,,,,,,,,,,,,
1127670,2018,2018-09-24,"County Ground, New Road, Worcester",2,66.3,66.3,Yorkshire,Worcestershire,GS Ballance,JA Brooks,WD Parnell,0,0,,,,,,,,,,,,,
1127670,2018,2018-09-24,"County Ground, New Road, Worcester",2,66.4,66.4,Yorkshire,Worcestershire,GS Ballance,JA Brooks,WD Parnell,4,0,,,,,,,,,,,,,
1127670,2018,2018-09-24,"County Ground, New Road, Worcester",2,66.5,66.5,Yorkshire,Worcestershire,GS Ballance,JA Brooks,WD Parnell,4,0,,,,,,,,,,,,,
1127670,2018,2018-09-24,"County Ground, New Road, Worcester",2,66.6,66.6,Yorkshire,Worcestershire,GS Ballance,JA Brooks,WD Parnell,1,2,,2,,,,,,,,,,,
1127670,2018,2018-09-24,"County Ground, New Road, Worcester",2,66.7,66.6,Yorkshire,Worcestershire,JA Brooks,GS Ballance,WD Parnell,0,0,,,,,,,,,,,,,
1127670,2018,2018-09-24,"County Ground, New Road, Worcester",2,67.1,67.1,Yorkshire,Worcestershire,GS Ballance,JA Brooks,MM Ali,0,0,,,,,,,,,,,,,
1127670,2018,2018-09-24,"County Ground, New Road, Worcester",2,67.2,67.2,Yorkshire,Worcestershire,GS Ballance,JA Brooks,MM Ali,1,0,,,,,,,,,,,,,
1127670,2018,2018-09-24,"County Ground, New Road, Worcester",2,67.3,67.3,Yorkshire,Worcestershire,JA Brooks,GS Ballance,MM Ali,4,0,,,,,,,,,,,,,
1127670,2018,2018-09-24,"County Ground, New Road, Worcester",2,67.4,67.4,Yorkshire,Worcestershire,JA Brooks,GS Ballance,MM Ali,0,0,,,,,,,,,,,,,
1127670,2018,2018-09-24,"County Ground, New Road, Worcester",2,67.5,67.5,Yorkshire,Worcestershire,JA Brooks,GS Ballance,MM Ali,0,0,,,,,,,,,,,,,
1127670,2018,2018-09-24,"County Ground, New Road, Worcester",2,67.6,67.6,Yorkshire,Worcestershire,JA Brooks,GS Ballance,MM Ali,0,0,,,,,,,,,,,,,
1127670,2018,2018-09-24,"County Ground, New Road, Worcester",2,68.1,68.1,Yorkshire,Worcestershire,GS Ballance,JA Brooks,BJ Twohig,1,0,,,,,,,,,,,,,
1127670,2018,2018-09-24,"County Ground, New Road, Worcester",2,68.2,68.2,Yorkshire,Worcestershire,JA Brooks,GS Ballance,BJ Twohig,4,0,,,,,,,,,,,,,
1127670,2018,2018-09-24,"County Ground, New Road, Worcester",2,68.3,68.3,Yorkshire,Worcestershire,JA Brooks,GS Ballance,BJ Twohig,0,1,,,,1,,,,,,,,,
1127670,2018,2018-09-24,"County Ground, New Road, Worcester",2,68.4,68.4,Yorkshire,Worcestershire,GS Ballance,JA Brooks,BJ Twohig,0,0,,,,,,,,,,,,,
1127670,2018,2018-09-24,"County Ground, New Road, Worcester",2,68.5,68.5,Yorkshire,Worcestershire,GS Ballance,JA Brooks,BJ Twohig,1,0,,,,,,,,,,,,,
1127670,2018,2018-09-24,"County Ground, New Road, Worcester",2,68.6,68.6,Yorkshire,Worcestershire,JA Brooks,GS Ballance,BJ Twohig,0,0,,,,,,,,,,,,,
1127670,2018,2018-09-24,"County Ground, New Road, Worcester",2,69.1,69.1,Yorkshire,Worcestershire,GS Ballance,JA Brooks,MM Ali,4,0,,,,,,,,,,,,,
1127670,2018,2018-09-24,"County Ground, New Road, Worcester",2,69.2,69.2,Yorkshire,Worcestershire,GS Ballance,JA Brooks,MM Ali,0,0,,,,,,,,,,,,,
1127670,2018,2018-09-24,"County Ground, New Road, Worcester",2,69.3,69.3,Yorkshire,Worcestershire,GS Ballance,JA Brooks,MM Ali,0,0,,,,,,,,,,,,,
1127670,2018,2018-09-24,"County Ground, New Road, Worcester",2,69.4,69.4,Yorkshire,Worcestershire,GS Ballance,JA Brooks,MM Ali,1,0,,,,,,,,,,,,,
1127670,2018,2018-09-24,"County Ground, New Road, Worcester",2,69.5,69.5,Yorkshire,Worcestershire,JA Brooks,GS Ballance,MM Ali,0,0,,,,,,,,,,,,,
1127670,2018,2018-09-24,"County Ground, New Road, Worcester",2,69.6,69.6,Yorkshire,Worcestershire,JA Brooks,GS Ballance,MM Ali,0,0,,,,,,,,,,,,,
1127670,2018,2018-09-24,"County Ground, New Road, Worcester",2,70.1,70.1,Yorkshire,Worcestershire,GS Ballance,JA Brooks,BJ Twohig,0,0,,,,,,,,,,,,,
1127670,2018,2018-09-24,"County Ground, New Road, Worcester",2,70.2,70.2,Yorkshire,Worcestershire,GS Ballance,JA Brooks,BJ Twohig,0,0,,,,,,,,,,,,,
1127670,2018,2018-09-24,"County Ground, New Road, Worcester",2,70.3,70.3,Yorkshire,Worcestershire,GS Ballance,JA Brooks,BJ Twohig,0,0,,,,,,,,,,,,,
1127670,2018,2018-09-24,"County Ground, New Road, Worcester",2,70.4,70.4,Yorkshire,Worcestershire,GS Ballance,JA Brooks,BJ Twohig,1,0,,,,,,,,,,,,,
1127670,2018,2018-09-24,"County Ground, New Road, Worcester",2,70.5,70.5,Yorkshire,Worcestershire,JA Brooks,GS Ballance,BJ Twohig,0,0,,,,,,,,,,,,,
1127670,2018,2018-09-24,"County Ground, New Road, Worcester",2,70.6,70.6,Yorkshire,Worcestershire,JA Brooks,GS Ballance,BJ Twohig,0,0,,,,,,,,,,,,,
1127670,2018,2018-09-24,"County Ground, New Road, Worcester",2,71.1,71.1,Yorkshire,Worcestershire,GS Ballance,JA Brooks,MM Ali,1,0,,,,,,,,,,,,,
1127670,2018,2018-09-24,"County Ground, New Road, Worcester",2,71.2,71.2,Yorkshire,Worcestershire,JA Brooks,GS Ballance,MM Ali,1,0,,,,,,,,,,,,,
1127670,2018,2018-09-24,"County Ground, New Road, Worcester",2,71.3,71.3,Yorkshire,Worcestershire,GS Ballance,JA Brooks,MM Ali,1,0,,,,,,,,,,,,,
1127670,2018,2018-09-24,"County Ground, New Road, Worcester",2,71.4,71.4,Yorkshire,Worcestershire,JA Brooks,GS Ballance,MM Ali,0,0,,,,,,,,,,,,,
1127670,2018,2018-09-24,"County Ground, New Road, Worcester",2,71.5,71.5,Yorkshire,Worcestershire,JA Brooks,GS Ballance,MM Ali,0,0,,,,,,,,,,,,,
1127670,2018,2018-09-24,"County Ground, New Road, Worcester",2,71.6,71.6,Yorkshire,Worcestershire,JA Brooks,GS Ballance,MM Ali,0,0,,,,,,,,,,,,,
1127670,2018,2018-09-24,"County Ground, New Road, Worcester",2,72.1,72.1,Yorkshire,Worcestershire,GS Ballance,JA Brooks,BJ Twohig,2,0,,,,,,,,,,,,,
1127670,2018,2018-09-24,"County Ground, New Road, Worcester",2,72.2,72.2,Yorkshire,Worcestershire,GS Ballance,JA Brooks,BJ Twohig,0,0,,,,,,,,,,,,,
1127670,2018,2018-09-24,"County Ground, New Road, Worcester",2,72.3,72.3,Yorkshire,Worcestershire,GS Ballance,JA Brooks,BJ Twohig,0,4,,,4,,,,,,,,,,
1127670,2018,2018-09-24,"County Ground, New Road, Worcester",2,72.4,72.4,Yorkshire,Worcestershire,GS Ballance,JA Brooks,BJ Twohig,4,0,,,,,,,,,,,,,
1127670,2018,2018-09-24,"County Ground, New Road, Worcester",2,72.5,72.5,Yorkshire,Worcestershire,GS Ballance,JA Brooks,BJ Twohig,0,0,,,,,,,,,,,,,
1127670,2018,2018-09-24,"County Ground, New Road, Worcester",2,72.6,72.6,Yorkshire,Worcestershire,GS Ballance,JA Brooks,BJ Twohig,1,0,,,,,,,,,,,,,
1127670,2018,2018-09-24,"County Ground, New Road, Worcester",2,73.1,73.1,Yorkshire,Worcestershire,GS Ballance,JA Brooks,DY Pennington,1,0,,,,,,,,,,,,,
1127670,2018,2018-09-24,"County Ground, New Road, Worcester",2,73.2,73.2,Yorkshire,Worcestershire,JA Brooks,GS Ballance,DY Pennington,1,0,,,,,,,,,,,,,
1127670,2018,2018-09-24,"County Ground, New Road, Worcester",2,73.3,73.3,Yorkshire,Worcestershire,GS Ballance,JA Brooks,DY Pennington,4,0,,,,,,,,,,,,,
1127670,2018,2018-09-24,"County Ground, New Road, Worcester",2,73.4,73.4,Yorkshire,Worcestershire,GS Ballance,JA Brooks,DY Pennington,6,0,,,,,,,,,,,,,
1127670,2018,2018-09-24,"County Ground, New Road, Worcester",2,73.5,73.5,Yorkshire,Worcestershire,GS Ballance,JA Brooks,DY Pennington,0,0,,,,,,,,,,,,,
1127670,2018,2018-09-24,"County Ground, New Road, Worcester",2,73.6,73.6,Yorkshire,Worcestershire,GS Ballance,JA Brooks,DY Pennington,1,0,,,,,,,,,,,,,
1127670,2018,2018-09-24,"County Ground, New Road, Worcester",2,74.1,74.1,Yorkshire,Worcestershire,GS Ballance,JA Brooks,BJ Twohig,4,0,,,,,,,,,,,,,
1127670,2018,2018-09-24,"County Ground, New Road, Worcester",2,74.2,74.2,Yorkshire,Worcestershire,GS Ballance,JA Brooks,BJ Twohig,0,0,,,,,,,,,,,,,
1127670,2018,2018-09-24,"County Ground, New Road, Worcester",2,74.3,74.3,Yorkshire,Worcestershire,GS Ballance,JA Brooks,BJ Twohig,0,0,,,,,,,,,,,,,
1127670,2018,2018-09-24,"County Ground, New Road, Worcester",2,74.4,74.4,Yorkshire,Worcestershire,GS Ballance,JA Brooks,BJ Twohig,1,0,,,,,,,,,,,,,
1127670,2018,2018-09-24,"County Ground, New Road, Worcester",2,74.5,74.5,Yorkshire,Worcestershire,JA Brooks,GS Ballance,BJ Twohig,0,0,,,,,,,,,,,,,
1127670,2018,2018-09-24,"County Ground, New Road, Worcester",2,74.6,74.6,Yorkshire,Worcestershire,JA Brooks,GS Ballance,BJ Twohig,0,0,,,,,,,,,,,,,
1127670,2018,2018-09-24,"County Ground, New Road, Worcester",2,75.1,75.1,Yorkshire,Worcestershire,GS Ballance,JA Brooks,DY Pennington,1,0,,,,,,,,,,,,,
1127670,2018,2018-09-24,"County Ground, New Road, Worcester",2,75.2,75.2,Yorkshire,Worcestershire,JA Brooks,GS Ballance,DY Pennington,0,1,,,1,,,,,,,,,,
1127670,2018,2018-09-24,"County Ground, New Road, Worcester",2,75.3,75.3,Yorkshire,Worcestershire,GS Ballance,JA Brooks,DY Pennington,0,0,,,,,,,,,,,,,
1127670,2018,2018-09-24,"County Ground, New Road, Worcester",2,75.4,75.4,Yorkshire,Worcestershire,GS Ballance,JA Brooks,DY Pennington,1,0,,,,,,,,,,,,,
1127670,2018,2018-09-24,"County Ground, New Road, Worcester",2,75.5,75.5,Yorkshire,Worcestershire,JA Brooks,GS Ballance,DY Pennington,0,0,,,,,,,,,,,,,
1127670,2018,2018-09-24,"County Ground, New Road, Worcester",2,75.6,75.6,Yorkshire,Worcestershire,JA Brooks,GS Ballance,DY Pennington,0,0,,,,,,,,,,,,,
1127670,2018,2018-09-24,"County Ground, New Road, Worcester",2,76.1,76.1,Yorkshire,Worcestershire,GS Ballance,JA Brooks,EG Barnard,0,0,,,,,,,,,,,,,
1127670,2018,2018-09-24,"County Ground, New Road, Worcester",2,76.2,76.2,Yorkshire,Worcestershire,GS Ballance,JA Brooks,EG Barnard,1,0,,,,,,,,,,,,,
1127670,2018,2018-09-24,"County Ground, New Road, Worcester",2,76.3,76.3,Yorkshire,Worcestershire,JA Brooks,GS Ballance,EG Barnard,4,0,,,,,,,,,,,,,
1127670,2018,2018-09-24,"County Ground, New Road, Worcester",2,76.4,76.4,Yorkshire,Worcestershire,JA Brooks,GS Ballance,EG Barnard,0,0,,,,,,,,,,,,,
1127670,2018,2018-09-24,"County Ground, New Road, Worcester",2,76.5,76.5,Yorkshire,Worcestershire,JA Brooks,GS Ballance,EG Barnard,0,0,,,,,,,,,,,,,
1127670,2018,2018-09-24,"County Ground, New Road, Worcester",2,76.6,76.6,Yorkshire,Worcestershire,JA Brooks,GS Ballance,EG Barnard,0,0,,,,,,,,,,,,,
1127670,2018,2018-09-24,"County Ground, New Road, Worcester",2,77.1,77.1,Yorkshire,Worcestershire,GS Ballance,JA Brooks,DKH Mitchell,1,0,,,,,,,,,,,,,
1127670,2018,2018-09-24,"County Ground, New Road, Worcester",2,77.2,77.2,Yorkshire,Worcestershire,JA Brooks,GS Ballance,DKH Mitchell,0,0,,,,,,,,,,,,,
1127670,2018,2018-09-24,"County Ground, New Road, Worcester",2,77.3,77.3,Yorkshire,Worcestershire,JA Brooks,GS Ballance,DKH Mitchell,0,0,,,,,,,,,,,,,
1127670,2018,2018-09-24,"County Ground, New Road, Worcester",2,77.4,77.4,Yorkshire,Worcestershire,JA Brooks,GS Ballance,DKH Mitchell,0,0,,,,,,,,,,,,,
1127670,2018,2018-09-24,"County Ground, New Road, Worcester",2,77.5,77.5,Yorkshire,Worcestershire,JA Brooks,GS Ballance,DKH Mitchell,0,0,,,,,,,,,,,,,
1127670,2018,2018-09-24,"County Ground, New Road, Worcester",2,77.6,77.6,Yorkshire,Worcestershire,JA Brooks,GS Ballance,DKH Mitchell,0,0,,,,,,,,,,,,,
1127670,2018,2018-09-24,"County Ground, New Road, Worcester",2,78.1,78.1,Yorkshire,Worcestershire,GS Ballance,JA Brooks,EG Barnard,4,0,,,,,,,,,,,,,
1127670,2018,2018-09-24,"County Ground, New Road, Worcester",2,78.2,78.2,Yorkshire,Worcestershire,GS Ballance,JA Brooks,EG Barnard,1,0,,,,,,,,,,,,,
1127670,2018,2018-09-24,"County Ground, New Road, Worcester",2,78.3,78.3,Yorkshire,Worcestershire,JA Brooks,GS Ballance,EG Barnard,0,0,,,,,,,,,,,,,
1127670,2018,2018-09-24,"County Ground, New Road, Worcester",2,78.4,78.4,Yorkshire,Worcestershire,JA Brooks,GS Ballance,EG Barnard,0,0,,,,,,,,,,,,,
1127670,2018,2018-09-24,"County Ground, New Road, Worcester",2,78.5,78.5,Yorkshire,Worcestershire,JA Brooks,GS Ballance,EG Barnard,0,0,,,,,,,,,,,,,
1127670,2018,2018-09-24,"County Ground, New Road, Worcester",2,78.6,78.6,Yorkshire,Worcestershire,JA Brooks,GS Ballance,EG Barnard,4,0,,,,,,,,,,,,,
1127670,2018,2018-09-24,"County Ground, New Road, Worcester",2,79.1,79.1,Yorkshire,Worcestershire,GS Ballance,JA Brooks,DKH Mitchell,1,0,,,,,,,,,,,,,
1127670,2018,2018-09-24,"County Ground, New Road, Worcester",2,79.2,79.2,Yorkshire,Worcestershire,JA Brooks,GS Ballance,DKH Mitchell,0,0,,,,,,,,,,,,,
1127670,2018,2018-09-24,"County Ground, New Road, Worcester",2,79.3,79.3,Yorkshire,Worcestershire,JA Brooks,GS Ballance,DKH Mitchell,0,0,,,,,,,,,,,,,
1127670,2018,2018-09-24,"County Ground, New Road, Worcester",2,79.4,79.4,Yorkshire,Worcestershire,JA Brooks,GS Ballance,DKH Mitchell,0,0,,,,,,,,,,,,,
1127670,2018,2018-09-24,"County Ground, New Road, Worcester",2,79.5,79.5,Yorkshire,Worcestershire,JA Brooks,GS Ballance,DKH Mitchell,1,0,,,,,,,,,,,,,
1127670,2018,2018-09-24,"County Ground, New Road, Worcester",2,79.6,79.6,Yorkshire,Worcestershire,GS Ballance,JA Brooks,DKH Mitchell,4,0,,,,,,,,,,,,,
1127670,2018,2018-09-24,"County Ground, New Road, Worcester",2,80.1,80.1,Yorkshire,Worcestershire,JA Brooks,GS Ballance,EG Barnard,0,0,,,,,,,,,,,,,
1127670,2018,2018-09-24,"County Ground, New Road, Worcester",2,80.2,80.2,Yorkshire,Worcestershire,JA Brooks,GS Ballance,EG Barnard,0,0,,,,,,,,,,,,,
1127670,2018,2018-09-24,"County Ground, New Road, Worcester",2,80.3,80.3,Yorkshire,Worcestershire,JA Brooks,GS Ballance,EG Barnard,4,0,,,,,,,,,,,,,
1127670,2018,2018-09-24,"County Ground, New Road, Worcester",2,80.4,80.4,Yorkshire,Worcestershire,JA Brooks,GS Ballance,EG Barnard,0,0,,,,,,,,,,,,,
1127670,2018,2018-09-24,"County Ground, New Road, Worcester",2,80.5,80.5,Yorkshire,Worcestershire,JA Brooks,GS Ballance,EG Barnard,0,0,,,,,,,,,,,,,
1127670,2018,2018-09-24,"County Ground, New Road, Worcester",2,80.6,80.6,Yorkshire,Worcestershire,JA Brooks,GS Ballance,EG Barnard,1,0,,,,,,,,,,,,,
1127670,2018,2018-09-24,"County Ground, New Road, Worcester",2,81.1,81.1,Yorkshire,Worcestershire,JA Brooks,GS Ballance,DY Pennington,4,0,,,,,,,,,,,,,
1127670,2018,2018-09-24,"County Ground, New Road, Worcester",2,81.2,81.2,Yorkshire,Worcestershire,JA Brooks,GS Ballance,DY Pennington,2,0,,,,,,,,,,,,,
1127670,2018,2018-09-24,"County Ground, New Road, Worcester",2,81.3,81.3,Yorkshire,Worcestershire,JA Brooks,GS Ballance,DY Pennington,0,0,,,,,,,,,,,,,
1127670,2018,2018-09-24,"County Ground, New Road, Worcester",2,81.4,81.4,Yorkshire,Worcestershire,JA Brooks,GS Ballance,DY Pennington,1,0,,,,,,,,,,,,,
1127670,2018,2018-09-24,"County Ground, New Road, Worcester",2,81.5,81.5,Yorkshire,Worcestershire,GS Ballance,JA Brooks,DY Pennington,4,0,,,,,,,,,,,,,
1127670,2018,2018-09-24,"County Ground, New Road, Worcester",2,81.6,81.6,Yorkshire,Worcestershire,GS Ballance,JA Brooks,DY Pennington,0,0,,,,,,,,,,,,,
1127670,2018,2018-09-24,"County Ground, New Road, Worcester",2,82.1,82.1,Yorkshire,Worcestershire,JA Brooks,GS Ballance,EG Barnard,0,0,,,,,,,,,,,,,
1127670,2018,2018-09-24,"County Ground, New Road, Worcester",2,82.2,82.2,Yorkshire,Worcestershire,JA Brooks,GS Ballance,EG Barnard,0,0,,,,,,,,,,,,,
1127670,2018,2018-09-24,"County Ground, New Road, Worcester",2,82.3,82.3,Yorkshire,Worcestershire,JA Brooks,GS Ballance,EG Barnard,0,0,,,,,,,,,,,,,
1127670,2018,2018-09-24,"County Ground, New Road, Worcester",2,82.4,82.4,Yorkshire,Worcestershire,JA Brooks,GS Ballance,EG Barnard,0,4,,,4,,,,,,,,,,
1127670,2018,2018-09-24,"County Ground, New Road, Worcester",2,82.5,82.5,Yorkshire,Worcestershire,JA Brooks,GS Ballance,EG Barnard,1,0,,,,,,,,,,,,,
1127670,2018,2018-09-24,"County Ground, New Road, Worcester",2,82.6,82.6,Yorkshire,Worcestershire,GS Ballance,JA Brooks,EG Barnard,1,0,,,,,,,,,,,,,
1127670,2018,2018-09-24,"County Ground, New Road, Worcester",2,83.1,83.1,Yorkshire,Worcestershire,GS Ballance,JA Brooks,DY Pennington,1,0,,,,,,,,,,,,,
1127670,2018,2018-09-24,"County Ground, New Road, Worcester",2,83.2,83.2,Yorkshire,Worcestershire,JA Brooks,GS Ballance,DY Pennington,0,0,,,,,,,,,,,,,
1127670,2018,2018-09-24,"County Ground, New Road, Worcester",2,83.3,83.3,Yorkshire,Worcestershire,JA Brooks,GS Ballance,DY Pennington,0,0,,,,,,,,,,,,,
1127670,2018,2018-09-24,"County Ground, New Road, Worcester",2,83.4,83.4,Yorkshire,Worcestershire,JA Brooks,GS Ballance,DY Pennington,0,0,,,,,,,,,,,,,
1127670,2018,2018-09-24,"County Ground, New Road, Worcester",2,83.5,83.5,Yorkshire,Worcestershire,JA Brooks,GS Ballance,DY Pennington,0,0,,,,,,,,,,,,,
1127670,2018,2018-09-24,"County Ground, New Road, Worcester",2,83.6,83.6,Yorkshire,Worcestershire,JA Brooks,GS Ballance,DY Pennington,0,0,,,,,,,,,,,,,
1127670,2018,2018-09-24,"County Ground, New Road, Worcester",2,84.1,84.1,Yorkshire,Worcestershire,GS Ballance,JA Brooks,EG Barnard,1,0,,,,,,,,,,,,,
1127670,2018,2018-09-24,"County Ground, New Road, Worcester",2,84.2,84.2,Yorkshire,Worcestershire,JA Brooks,GS Ballance,EG Barnard,4,0,,,,,,,,,,,,,
1127670,2018,2018-09-24,"County Ground, New Road, Worcester",2,84.3,84.3,Yorkshire,Worcestershire,JA Brooks,GS Ballance,EG Barnard,4,0,,,,,,,,,,,,,
1127670,2018,2018-09-24,"County Ground, New Road, Worcester",2,84.4,84.4,Yorkshire,Worcestershire,JA Brooks,GS Ballance,EG Barnard,0,0,,,,,,,,,,,,,
1127670,2018,2018-09-24,"County Ground, New Road, Worcester",2,84.5,84.5,Yorkshire,Worcestershire,JA Brooks,GS Ballance,EG Barnard,4,0,,,,,,,,,,,,,
1127670,2018,2018-09-24,"County Ground, New Road, Worcester",2,84.6,84.6,Yorkshire,Worcestershire,JA Brooks,GS Ballance,EG Barnard,1,0,,,,,,,,,,,,,
1127670,2018,2018-09-24,"County Ground, New Road, Worcester",2,85.1,85.1,Yorkshire,Worcestershire,JA Brooks,GS Ballance,DY Pennington,4,0,,,,,,,,,,,,,
1127670,2018,2018-09-24,"County Ground, New Road, Worcester",2,85.2,85.2,Yorkshire,Worcestershire,JA Brooks,GS Ballance,DY Pennington,4,0,,,,,,,,,,,,,
1127670,2018,2018-09-24,"County Ground, New Road, Worcester",2,85.3,85.3,Yorkshire,Worcestershire,JA Brooks,GS Ballance,DY Pennington,2,0,,,,,,,,,,,,,
1127670,2018,2018-09-24,"County Ground, New Road, Worcester",2,85.4,85.4,Yorkshire,Worcestershire,JA Brooks,GS Ballance,DY Pennington,0,0,,,,,,,,,,,,,
1127670,2018,2018-09-24,"County Ground, New Road, Worcester",2,85.5,85.5,Yorkshire,Worcestershire,JA Brooks,GS Ballance,DY Pennington,4,0,,,,,,,,,,,,,
1127670,2018,2018-09-24,"County Ground, New Road, Worcester",2,85.6,85.6,Yorkshire,Worcestershire,JA Brooks,GS Ballance,DY Pennington,4,0,,,,,,,,,,,,,
1127670,2018,2018-09-24,"County Ground, New Road, Worcester",2,86.1,86.1,Yorkshire,Worcestershire,GS Ballance,JA Brooks,MM Ali,0,0,,,,,,,,,,,,,
1127670,2018,2018-09-24,"County Ground, New Road, Worcester",2,86.2,86.2,Yorkshire,Worcestershire,GS Ballance,JA Brooks,MM Ali,0,1,,,,1,,,,,,,,,
1127670,2018,2018-09-24,"County Ground, New Road, Worcester",2,86.3,86.3,Yorkshire,Worcestershire,JA Brooks,GS Ballance,MM Ali,0,0,,,,,,,caught,JA Brooks,,,OB Cox,,
1127670,2018,2018-09-24,"County Ground, New Road, Worcester",2,86.4,86.4,Yorkshire,Worcestershire,BO Coad,GS Ballance,MM Ali,0,0,,,,,,,,,,,,,
1127670,2018,2018-09-24,"County Ground, New Road, Worcester",2,86.5,86.5,Yorkshire,Worcestershire,BO Coad,GS Ballance,MM Ali,0,0,,,,,,,,,,,,,
1127670,2018,2018-09-24,"County Ground, New Road, Worcester",2,86.6,86.6,Yorkshire,Worcestershire,BO Coad,GS Ballance,MM Ali,2,0,,,,,,,,,,,,,
1127670,2018,2018-09-24,"County Ground, New Road, Worcester",2,87.1,87.1,Yorkshire,Worcestershire,GS Ballance,BO Coad,DKH Mitchell,2,0,,,,,,,,,,,,,
1127670,2018,2018-09-24,"County Ground, New Road, Worcester",2,87.2,87.2,Yorkshire,Worcestershire,GS Ballance,BO Coad,DKH Mitchell,6,0,,,,,,true,,,,,,,
1127670,2018,2018-09-24,"County Ground, New Road, Worcester",2,87.3,87.3,Yorkshire,Worcestershire,GS Ballance,BO Coad,DKH Mitchell,0,0,,,,,,,,,,,,,
1127670,2018,2018-09-24,"County Ground, New Road, Worcester",2,87.4,87.4,Yorkshire,Worcestershire,GS Ballance,BO Coad,DKH Mitchell,0,0,,,,,,,,,,,,,
1127670,2018,2018-09-24,"County Ground, New Road, Worcester",2,87.5,87.5,Yorkshire,Worcestershire,GS Ballance,BO Coad,DKH Mitchell,0,0,,,,,,,,,,,,,
1127670,2018,2018-09-24,"County Ground, New Road, Worcester",2,87.6,87.6,Yorkshire,Worcestershire,GS Ballance,BO Coad,DKH Mitchell,4,0,,,,,,,,,,,,,
1127670,2018,2018-09-24,"County Ground, New Road, Worcester",2,88.1,88.1,Yorkshire,Worcestershire,BO Coad,GS Ballance,EG Barnard,0,0,,,,,,,,,,,,,
1127670,2018,2018-09-24,"County Ground, New Road, Worcester",2,88.2,88.2,Yorkshire,Worcestershire,BO Coad,GS Ballance,EG Barnard,0,0,,,,,,,,,,,,,
1127670,2018,2018-09-24,"County Ground, New Road, Worcester",2,88.3,88.3,Yorkshire,Worcestershire,BO Coad,GS Ballance,EG Barnard,4,0,,,,,,,,,,,,,
1127670,2018,2018-09-24,"County Ground, New Road, Worcester",2,88.4,88.4,Yorkshire,Worcestershire,BO Coad,GS Ballance,EG Barnard,0,0,,,,,,,,,,,,,
1127670,2018,2018-09-24,"County Ground, New Road, Worcester",2,88.5,88.5,Yorkshire,Worcestershire,BO Coad,GS Ballance,EG Barnard,1,0,,,,,,,,,,,,,
1127670,2018,2018-09-24,"County Ground, New Road, Worcester",2,88.6,88.6,Yorkshire,Worcestershire,GS Ballance,BO Coad,EG Barnard,0,0,,,,,,,,,,,,,
1127670,2018,2018-09-24,"County Ground, New Road, Worcester",2,89.1,89.1,Yorkshire,Worcestershire,BO Coad,GS Ballance,DY Pennington,1,0,,,,,,,,,,,,,
1127670,2018,2018-09-24,"County Ground, New Road, Worcester",2,89.2,89.2,Yorkshire,Worcestershire,GS Ballance,BO Coad,DY Pennington,4,0,,,,,,,,,,,,,
1127670,2018,2018-09-24,"County Ground, New Road, Worcester",2,89.3,89.3,Yorkshire,Worcestershire,GS Ballance,BO Coad,DY Pennington,0,0,,,,,,,,,,,,,
1127670,2018,2018-09-24,"County Ground, New Road, Worcester",2,89.4,89.4,Yorkshire,Worcestershire,GS Ballance,BO Coad,DY Pennington,1,0,,,,,,,,,,,,,
1127670,2018,2018-09-24,"County Ground, New Road, Worcester",2,89.5,89.5,Yorkshire,Worcestershire,BO Coad,GS Ballance,DY Pennington,0,0,,,,,,,,,,,,,
1127670,2018,2018-09-24,"County Ground, New Road, Worcester",2,89.6,89.6,Yorkshire,Worcestershire,BO Coad,GS Ballance,DY Pennington,0,0,,,,,,,,,,,,,
1127670,2018,2018-09-24,"County Ground, New Road, Worcester",2,90.1,90.1,Yorkshire,Worcestershire,GS Ballance,BO Coad,EG Barnard,0,0,,,,,,,,,,,,,
1127670,2018,2018-09-24,"County Ground, New Road, Worcester",2,90.2,90.2,Yorkshire,Worcestershire,GS Ballance,BO Coad,EG Barnard,0,0,,,,,,,,,,,,,
1127670,2018,2018-09-24,"County Ground, New Road, Worcester",2,90.3,90.3,Yorkshire,Worcestershire,GS Ballance,BO Coad,EG Barnard,0,0,,,,,,,,,,,,,
1127670,2018,2018-09-24,"County Ground, New Road, Worcester",2,90.4,90.4,Yorkshire,Worcestershire,GS Ballance,BO Coad,EG Barnard,0,0,,,,,,,,,,,,,
1127670,2018,2018-09-24,"County Ground, New Road, Worcester",2,90.5,90.5,Yorkshire,Worcestershire,GS Ballance,BO Coad,EG Barnard,0,0,,,,,,,caught,GS Ballance,,,DY Pennington,,
1127670,2018,2018-09-24,"County Ground, New Road, Worcester",3,0.1,0.1,Worcestershire,Yorkshire,DKH Mitchell,TC Fell,BO Coad,0,0,,,,,,,,,,,,,
1127670,2018,2018-09-24,"County Ground, New Road, Worcester",3,0.2,0.2,Worcestershire,Yorkshire,DKH Mitchell,TC Fell,BO Coad,0,0,,,,,,,,,,,,,
1127670,2018,2018-09-24,"County Ground, New Road, Worcester",3,0.3,0.3,Worcestershire,Yorkshire,DKH Mitchell,TC Fell,BO Coad,0,0,,,,,,,,,,,,,
1127670,2018,2018-09-24,"County Ground, New Road, Worcester",3,0.4,0.4,Worcestershire,Yorkshire,DKH Mitchell,TC Fell,BO Coad,1,0,,,,,,,,,,,,,
1127670,2018,2018-09-24,"County Ground, New Road, Worcester",3,0.5,0.5,Worcestershire,Yorkshire,TC Fell,DKH Mitchell,BO Coad,0,0,,,,,,,,,,,,,
1127670,2018,2018-09-24,"County Ground, New Road, Worcester",3,0.6,0.6,Worcestershire,Yorkshire,TC Fell,DKH Mitchell,BO Coad,0,0,,,,,,,,,,,,,
1127670,2018,2018-09-24,"County Ground, New Road, Worcester",3,1.1,1.1,Worcestershire,Yorkshire,DKH Mitchell,TC Fell,JA Brooks,0,0,,,,,,,,,,,,,
1127670,2018,2018-09-24,"County Ground, New Road, Worcester",3,1.2,1.2,Worcestershire,Yorkshire,DKH Mitchell,TC Fell,JA Brooks,0,0,,,,,,,,,,,,,
1127670,2018,2018-09-24,"County Ground, New Road, Worcester",3,1.3,1.3,Worcestershire,Yorkshire,DKH Mitchell,TC Fell,JA Brooks,0,0,,,,,,,,,,,,,
1127670,2018,2018-09-24,"County Ground, New Road, Worcester",3,1.4,1.4,Worcestershire,Yorkshire,DKH Mitchell,TC Fell,JA Brooks,4,0,,,,,,,,,,,,,
1127670,2018,2018-09-24,"County Ground, New Road, Worcester",3,1.5,1.5,Worcestershire,Yorkshire,DKH Mitchell,TC Fell,JA Brooks,0,0,,,,,,,,,,,,,
1127670,2018,2018-09-24,"County Ground, New Road, Worcester",3,1.6,1.6,Worcestershire,Yorkshire,DKH Mitchell,TC Fell,JA Brooks,0,0,,,,,,,,,,,,,
1127670,2018,2018-09-24,"County Ground, New Road, Worcester",3,2.1,2.1,Worcestershire,Yorkshire,TC Fell,DKH Mitchell,BO Coad,2,0,,,,,,,,,,,,,
1127670,2018,2018-09-24,"County Ground, New Road, Worcester",3,2.2,2.2,Worcestershire,Yorkshire,TC Fell,DKH Mitchell,BO Coad,2,0,,,,,,,,,,,,,
1127670,2018,2018-09-24,"County Ground, New Road, Worcester",3,2.3,2.3,Worcestershire,Yorkshire,TC Fell,DKH Mitchell,BO Coad,0,0,,,,,,,,,,,,,
1127670,2018,2018-09-24,"County Ground, New Road, Worcester",3,2.4,2.4,Worcestershire,Yorkshire,TC Fell,DKH Mitchell,BO Coad,0,0,,,,,,,,,,,,,
1127670,2018,2018-09-24,"County Ground, New Road, Worcester",3,2.5,2.5,Worcestershire,Yorkshire,TC Fell,DKH Mitchell,BO Coad,4,0,,,,,,,,,,,,,
1127670,2018,2018-09-24,"County Ground, New Road, Worcester",3,2.6,2.6,Worcestershire,Yorkshire,TC Fell,DKH Mitchell,BO Coad,2,0,,,,,,,,,,,,,
1127670,2018,2018-09-24,"County Ground, New Road, Worcester",3,3.1,3.1,Worcestershire,Yorkshire,DKH Mitchell,TC Fell,JA Brooks,0,0,,,,,,,caught,DKH Mitchell,,,JA Tattersall,,
1127670,2018,2018-09-24,"County Ground, New Road, Worcester",3,3.2,3.2,Worcestershire,Yorkshire,MM Ali,TC Fell,JA Brooks,1,0,,,,,,,,,,,,,
1127670,2018,2018-09-24,"County Ground, New Road, Worcester",3,3.3,3.3,Worcestershire,Yorkshire,TC Fell,MM Ali,JA Brooks,0,0,,,,,,,,,,,,,
1127670,2018,2018-09-24,"County Ground, New Road, Worcester",3,3.4,3.4,Worcestershire,Yorkshire,TC Fell,MM Ali,JA Brooks,4,0,,,,,,,,,,,,,
1127670,2018,2018-09-24,"County Ground, New Road, Worcester",3,3.5,3.5,Worcestershire,Yorkshire,TC Fell,MM Ali,JA Brooks,0,0,,,,,,,,,,,,,
1127670,2018,2018-09-24,"County Ground, New Road, Worcester",3,3.6,3.6,Worcestershire,Yorkshire,TC Fell,MM Ali,JA Brooks,0,0,,,,,,,,,,,,,
1127670,2018,2018-09-24,"County Ground, New Road, Worcester",3,4.1,4.1,Worcestershire,Yorkshire,MM Ali,TC Fell,BO Coad,1,0,,,,,,,,,,,,,
1127670,2018,2018-09-24,"County Ground, New Road, Worcester",3,4.2,4.2,Worcestershire,Yorkshire,TC Fell,MM Ali,BO Coad,0,0,,,,,,,,,,,,,
1127670,2018,2018-09-24,"County Ground, New Road, Worcester",3,4.3,4.3,Worcestershire,Yorkshire,TC Fell,MM Ali,BO Coad,0,0,,,,,,,,,,,,,
1127670,2018,2018-09-24,"County Ground, New Road, Worcester",3,4.4,4.4,Worcestershire,Yorkshire,TC Fell,MM Ali,BO Coad,0,0,,,,,,,,,,,,,
1127670,2018,2018-09-24,"County Ground, New Road, Worcester",3,4.5,4.5,Worcestershire,Yorkshire,TC Fell,MM Ali,BO Coad,1,0,,,,,,,,,,,,,
1127670,2018,2018-09-24,"County Ground, New Road, Worcester",3,4.6,4.6,Worcestershire,Yorkshire,MM Ali,TC Fell,BO Coad,0,0,,,,,,,,,,,,,
1127670,2018,2018-09-24,"County Ground, New Road, Worcester",3,5.1,5.1,Worcestershire,Yorkshire,TC Fell,MM Ali,JA Brooks,0,0,,,,,,,,,,,,,
1127670,2018,2018-09-24,"County Ground, New Road, Worcester",3,5.2,5.2,Worcestershire,Yorkshire,TC Fell,MM Ali,JA Brooks,0,0,,,,,,,,,,,,,
1127670,2018,2018-09-24,"County Ground, New Road, Worcester",3,5.3,5.3,Worcestershire,Yorkshire,TC Fell,MM Ali,JA Brooks,0,0,,,,,,,,,,,,,
1127670,2018,2018-09-24,"County Ground, New Road, Worcester",3,5.4,5.4,Worcestershire,Yorkshire,TC Fell,MM Ali,JA Brooks,0,0,,,,,,,,,,,,,
1127670,2018,2018-09-24,"County Ground, New Road, Worcester",3,5.5,5.5,Worcestershire,Yorkshire,TC Fell,MM Ali,JA Brooks,0,0,,,,,,,,,,,,,
1127670,2018,2018-09-24,"County Ground, New Road, Worcester",3,5.6,5.6,Worcestershire,Yorkshire,TC Fell,MM Ali,JA Brooks,2,0,,,,,,,,,,,,,
1127670,2018,2018-09-24,"County Ground, New Road, Worcester",3,6.1,6.1,Worcestershire,Yorkshire,MM Ali,TC Fell,BO Coad,0,0,,,,,,,,,,,,,
1127670,2018,2018-09-24,"County Ground, New Road, Worcester",3,6.2,6.2,Worcestershire,Yorkshire,MM Ali,TC Fell,BO Coad,0,0,,,,,,,,,,,,,
1127670,2018,2018-09-24,"County Ground, New Road, Worcester",3,6.3,6.3,Worcestershire,Yorkshire,MM Ali,TC Fell,BO Coad,1,0,,,,,,,,,,,,,
1127670,2018,2018-09-24,"County Ground, New Road, Worcester",3,6.4,6.4,Worcestershire,Yorkshire,TC Fell,MM Ali,BO Coad,0,0,,,,,,,,,,,,,
1127670,2018,2018-09-24,"County Ground, New Road, Worcester",3,6.5,6.5,Worcestershire,Yorkshire,TC Fell,MM Ali,BO Coad,4,0,,,,,,,,,,,,,
1127670,2018,2018-09-24,"County Ground, New Road, Worcester",3,6.6,6.6,Worcestershire,Yorkshire,TC Fell,MM Ali,BO Coad,0,0,,,,,,,,,,,,,
1127670,2018,2018-09-24,"County Ground, New Road, Worcester",3,7.1,7.1,Worcestershire,Yorkshire,MM Ali,TC Fell,JA Brooks,2,0,,,,,,,,,,,,,
1127670,2018,2018-09-24,"County Ground, New Road, Worcester",3,7.2,7.2,Worcestershire,Yorkshire,MM Ali,TC Fell,JA Brooks,0,0,,,,,,,,,,,,,
1127670,2018,2018-09-24,"County Ground, New Road, Worcester",3,7.3,7.3,Worcestershire,Yorkshire,MM Ali,TC Fell,JA Brooks,0,0,,,,,,,,,,,,,
1127670,2018,2018-09-24,"County Ground, New Road, Worcester",3,7.4,7.4,Worcestershire,Yorkshire,MM Ali,TC Fell,JA Brooks,0,0,,,,,,,,,,,,,
1127670,2018,2018-09-24,"County Ground, New Road, Worcester",3,7.5,7.5,Worcestershire,Yorkshire,MM Ali,TC Fell,JA Brooks,2,0,,,,,,,,,,,,,
1127670,2018,2018-09-24,"County Ground, New Road, Worcester",3,7.6,7.6,Worcestershire,Yorkshire,MM Ali,TC Fell,JA Brooks,0,0,,,,,,,,,,,,,
1127670,2018,2018-09-24,"County Ground, New Road, Worcester",3,8.1,8.1,Worcestershire,Yorkshire,TC Fell,MM Ali,BO Coad,0,0,,,,,,,,,,,,,
1127670,2018,2018-09-24,"County Ground, New Road, Worcester",3,8.2,8.2,Worcestershire,Yorkshire,TC Fell,MM Ali,BO Coad,0,0,,,,,,,,,,,,,
1127670,2018,2018-09-24,"County Ground, New Road, Worcester",3,8.3,8.3,Worcestershire,Yorkshire,TC Fell,MM Ali,BO Coad,0,0,,,,,,,caught,TC Fell,,,A Lyth,,
1127670,2018,2018-09-24,"County Ground, New Road, Worcester",3,8.4,8.4,Worcestershire,Yorkshire,JM Clarke,MM Ali,BO Coad,0,0,,,,,,,,,,,,,
1127670,2018,2018-09-24,"County Ground, New Road, Worcester",3,8.5,8.5,Worcestershire,Yorkshire,JM Clarke,MM Ali,BO Coad,4,0,,,,,,,,,,,,,
1127670,2018,2018-09-24,"County Ground, New Road, Worcester",3,8.6,8.6,Worcestershire,Yorkshire,JM Clarke,MM Ali,BO Coad,0,0,,,,,,,,,,,,,
1127670,2018,2018-09-24,"County Ground, New Road, Worcester",3,9.1,9.1,Worcestershire,Yorkshire,MM Ali,JM Clarke,JA Brooks,0,0,,,,,,,,,,,,,
1127670,2018,2018-09-24,"County Ground, New Road, Worcester",3,9.2,9.2,Worcestershire,Yorkshire,MM Ali,JM Clarke,JA Brooks,4,0,,,,,,,,,,,,,
1127670,2018,2018-09-24,"County Ground, New Road, Worcester",3,9.3,9.3,Worcestershire,Yorkshire,MM Ali,JM Clarke,JA Brooks,0,0,,,,,,,,,,,,,
1127670,2018,2018-09-24,"County Ground, New Road, Worcester",3,9.4,9.4,Worcestershire,Yorkshire,MM Ali,JM Clarke,JA Brooks,0,0,,,,,,,,,,,,,
1127670,2018,2018-09-24,"County Ground, New Road, Worcester",3,9.5,9.5,Worcestershire,Yorkshire,MM Ali,JM Clarke,JA Brooks,4,0,,,,,,,,,,,,,
1127670,2018,2018-09-24,"County Ground, New Road, Worcester",3,9.6,9.6,Worcestershire,Yorkshire,MM Ali,JM Clarke,JA Brooks,0,0,,,,,,,,,,,,,
1127670,2018,2018-09-24,"County Ground, New Road, Worcester",3,10.1,10.1,Worcestershire,Yorkshire,JM Clarke,MM Ali,BO Coad,0,0,,,,,,,,,,,,,
1127670,2018,2018-09-24,"County Ground, New Road, Worcester",3,10.2,10.2,Worcestershire,Yorkshire,JM Clarke,MM Ali,BO Coad,4,0,,,,,,,,,,,,,
1127670,2018,2018-09-24,"County Ground, New Road, Worcester",3,10.3,10.3,Worcestershire,Yorkshire,JM Clarke,MM Ali,BO Coad,0,0,,,,,,,,,,,,,
1127670,2018,2018-09-24,"County Ground, New Road, Worcester",3,10.4,10.4,Worcestershire,Yorkshire,JM Clarke,MM Ali,BO Coad,0,0,,,,,,,,,,,,,
1127670,2018,2018-09-24,"County Ground, New Road, Worcester",3,10.5,10.5,Worcestershire,Yorkshire,JM Clarke,MM Ali,BO Coad,4,0,,,,,,,,,,,,,
1127670,2018,2018-09-24,"County Ground, New Road, Worcester",3,10.6,10.6,Worcestershire,Yorkshire,JM Clarke,MM Ali,BO Coad,4,0,,,,,,,,,,,,,
1127670,2018,2018-09-24,"County Ground, New Road, Worcester",3,11.1,11.1,Worcestershire,Yorkshire,MM Ali,JM Clarke,TT Bresnan,6,0,,,,,,,,,,,,,
1127670,2018,2018-09-24,"County Ground, New Road, Worcester",3,11.2,11.2,Worcestershire,Yorkshire,MM Ali,JM Clarke,TT Bresnan,0,0,,,,,,,,,,,,,
1127670,2018,2018-09-24,"County Ground, New Road, Worcester",3,11.3,11.3,Worcestershire,Yorkshire,MM Ali,JM Clarke,TT Bresnan,0,0,,,,,,,,,,,,,
1127670,2018,2018-09-24,"County Ground, New Road, Worcester",3,11.4,11.4,Worcestershire,Yorkshire,MM Ali,JM Clarke,TT Bresnan,0,0,,,,,,,,,,,,,
1127670,2018,2018-09-24,"County Ground, New Road, Worcester",3,11.5,11.5,Worcestershire,Yorkshire,MM Ali,JM Clarke,TT Bresnan,0,0,,,,,,,,,,,,,
1127670,2018,2018-09-24,"County Ground, New Road, Worcester",3,11.6,11.6,Worcestershire,Yorkshire,MM Ali,JM Clarke,TT Bresnan,0,0,,,,,,,,,,,,,
1127670,2018,2018-09-24,"County Ground, New Road, Worcester",3,12.1,12.1,Worcestershire,Yorkshire,JM Clarke,MM Ali,SA Patterson,0,0,,,,,,,,,,,,,
1127670,2018,2018-09-24,"County Ground, New Road, Worcester",3,12.2,12.2,Worcestershire,Yorkshire,JM Clarke,MM Ali,SA Patterson,0,0,,,,,,,,,,,,,
1127670,2018,2018-09-24,"County Ground, New Road, Worcester",3,12.3,12.3,Worcestershire,Yorkshire,JM Clarke,MM Ali,SA Patterson,0,0,,,,,,,,,,,,,
1127670,2018,2018-09-24,"County Ground, New Road, Worcester",3,12.4,12.4,Worcestershire,Yorkshire,JM Clarke,MM Ali,SA Patterson,0,0,,,,,,,bowled,JM Clarke,,,,,
1127670,2018,2018-09-24,"County Ground, New Road, Worcester",3,12.5,12.5,Worcestershire,Yorkshire,AG Milton,MM Ali,SA Patterson,0,0,,,,,,,,,,,,,
1127670,2018,2018-09-24,"County Ground, New Road, Worcester",3,12.6,12.6,Worcestershire,Yorkshire,AG Milton,MM Ali,SA Patterson,0,0,,,,,,,,,,,,,
1127670,2018,2018-09-24,"County Ground, New Road, Worcester",3,13.1,13.1,Worcestershire,Yorkshire,MM Ali,AG Milton,TT Bresnan,0,0,,,,,,,,,,,,,
1127670,2018,2018-09-24,"County Ground, New Road, Worcester",3,13.2,13.2,Worcestershire,Yorkshire,MM Ali,AG Milton,TT Bresnan,0,0,,,,,,,,,,,,,
1127670,2018,2018-09-24,"County Ground, New Road, Worcester",3,13.3,13.3,Worcestershire,Yorkshire,MM Ali,AG Milton,TT Bresnan,0,0,,,,,,,,,,,,,
1127670,2018,2018-09-24,"County Ground, New Road, Worcester",3,13.4,13.4,Worcestershire,Yorkshire,MM Ali,AG Milton,TT Bresnan,0,0,,,,,,,,,,,,,
1127670,2018,2018-09-24,"County Ground, New Road, Worcester",3,13.5,13.5,Worcestershire,Yorkshire,MM Ali,AG Milton,TT Bresnan,0,0,,,,,,,,,,,,,
1127670,2018,2018-09-24,"County Ground, New Road, Worcester",3,13.6,13.6,Worcestershire,Yorkshire,MM Ali,AG Milton,TT Bresnan,0,0,,,,,,,,,,,,,
1127670,2018,2018-09-24,"County Ground, New Road, Worcester",3,14.1,14.1,Worcestershire,Yorkshire,AG Milton,MM Ali,SA Patterson,0,0,,,,,,,,,,,,,
1127670,2018,2018-09-24,"County Ground, New Road, Worcester",3,14.2,14.2,Worcestershire,Yorkshire,AG Milton,MM Ali,SA Patterson,1,0,,,,,,,,,,,,,
1127670,2018,2018-09-24,"County Ground, New Road, Worcester",3,14.3,14.3,Worcestershire,Yorkshire,MM Ali,AG Milton,SA Patterson,0,0,,,,,,,,,,,,,
1127670,2018,2018-09-24,"County Ground, New Road, Worcester",3,14.4,14.4,Worcestershire,Yorkshire,MM Ali,AG Milton,SA Patterson,0,0,,,,,,,,,,,,,
1127670,2018,2018-09-24,"County Ground, New Road, Worcester",3,14.5,14.5,Worcestershire,Yorkshire,MM Ali,AG Milton,SA Patterson,0,0,,,,,,,,,,,,,
1127670,2018,2018-09-24,"County Ground, New Road, Worcester",3,14.6,14.6,Worcestershire,Yorkshire,MM Ali,AG Milton,SA Patterson,1,0,,,,,,,,,,,,,
1127670,2018,2018-09-24,"County Ground, New Road, Worcester",3,15.1,15.1,Worcestershire,Yorkshire,MM Ali,AG Milton,TT Bresnan,0,0,,,,,,,,,,,,,
1127670,2018,2018-09-24,"County Ground, New Road, Worcester",3,15.2,15.2,Worcestershire,Yorkshire,MM Ali,AG Milton,TT Bresnan,4,0,,,,,,,,,,,,,
1127670,2018,2018-09-24,"County Ground, New Road, Worcester",3,15.3,15.3,Worcestershire,Yorkshire,MM Ali,AG Milton,TT Bresnan,0,0,,,,,,,,,,,,,
1127670,2018,2018-09-24,"County Ground, New Road, Worcester",3,15.4,15.4,Worcestershire,Yorkshire,MM Ali,AG Milton,TT Bresnan,4,0,,,,,,,,,,,,,
1127670,2018,2018-09-24,"County Ground, New Road, Worcester",3,15.5,15.5,Worcestershire,Yorkshire,MM Ali,AG Milton,TT Bresnan,4,0,,,,,,,,,,,,,
1127670,2018,2018-09-24,"County Ground, New Road, Worcester",3,15.6,15.6,Worcestershire,Yorkshire,MM Ali,AG Milton,TT Bresnan,0,0,,,,,,,,,,,,,
1127670,2018,2018-09-24,"County Ground, New Road, Worcester",3,16.1,16.1,Worcestershire,Yorkshire,AG Milton,MM Ali,SA Patterson,1,0,,,,,,,,,,,,,
1127670,2018,2018-09-24,"County Ground, New Road, Worcester",3,16.2,16.2,Worcestershire,Yorkshire,MM Ali,AG Milton,SA Patterson,0,0,,,,,,,,,,,,,
1127670,2018,2018-09-24,"County Ground, New Road, Worcester",3,16.3,16.3,Worcestershire,Yorkshire,MM Ali,AG Milton,SA Patterson,0,0,,,,,,,,,,,,,
1127670,2018,2018-09-24,"County Ground, New Road, Worcester",3,16.4,16.4,Worcestershire,Yorkshire,MM Ali,AG Milton,SA Patterson,0,0,,,,,,,,,,,,,
1127670,2018,2018-09-24,"County Ground, New Road, Worcester",3,16.5,16.5,Worcestershire,Yorkshire,MM Ali,AG Milton,SA Patterson,0,0,,,,,,,,,,,,,
1127670,2018,2018-09-24,"County Ground, New Road, Worcester",3,16.6,16.6,Worcestershire,Yorkshire,MM Ali,AG Milton,SA Patterson,1,0,,,,,,,,,,,,,
1127670,2018,2018-09-24,"County Ground, New Road, Worcester",3,17.1,17.1,Worcestershire,Yorkshire,MM Ali,AG Milton,TT Bresnan,0,0,,,,,,,,,,,,,
1127670,2018,2018-09-24,"County Ground, New Road, Worcester",3,17.2,17.2,Worcestershire,Yorkshire,MM Ali,AG Milton,TT Bresnan,4,0,,,,,,,,,,,,,
1127670,2018,2018-09-24,"County Ground, New Road, Worcester",3,17.3,17.3,Worcestershire,Yorkshire,MM Ali,AG Milton,TT Bresnan,1,0,,,,,,,,,,,,,
1127670,2018,2018-09-24,"County Ground, New Road, Worcester",3,17.4,17.4,Worcestershire,Yorkshire,AG Milton,MM Ali,TT Bresnan,0,0,,,,,,,,,,,,,
1127670,2018,2018-09-24,"County Ground, New Road, Worcester",3,17.5,17.5,Worcestershire,Yorkshire,AG Milton,MM Ali,TT Bresnan,0,0,,,,,,,,,,,,,
1127670,2018,2018-09-24,"County Ground, New Road, Worcester",3,17.6,17.6,Worcestershire,Yorkshire,AG Milton,MM Ali,TT Bresnan,0,2,,2,,,,,,,,,,,
1127670,2018,2018-09-24,"County Ground, New Road, Worcester",3,17.7,17.6,Worcestershire,Yorkshire,AG Milton,MM Ali,TT Bresnan,0,1,,,,1,,,,,,,,,
1127670,2018,2018-09-24,"County Ground, New Road, Worcester",3,18.1,18.1,Worcestershire,Yorkshire,AG Milton,MM Ali,SA Patterson,0,0,,,,,,,,,,,,,
1127670,2018,2018-09-24,"County Ground, New Road, Worcester",3,18.2,18.2,Worcestershire,Yorkshire,AG Milton,MM Ali,SA Patterson,2,0,,,,,,,,,,,,,
1127670,2018,2018-09-24,"County Ground, New Road, Worcester",3,18.3,18.3,Worcestershire,Yorkshire,AG Milton,MM Ali,SA Patterson,1,0,,,,,,,,,,,,,
1127670,2018,2018-09-24,"County Ground, New Road, Worcester",3,18.4,18.4,Worcestershire,Yorkshire,MM Ali,AG Milton,SA Patterson,0,0,,,,,,,,,,,,,
1127670,2018,2018-09-24,"County Ground, New Road, Worcester",3,18.5,18.5,Worcestershire,Yorkshire,MM Ali,AG Milton,SA Patterson,4,0,,,,,,,,,,,,,
1127670,2018,2018-09-24,"County Ground, New Road, Worcester",3,18.6,18.6,Worcestershire,Yorkshire,MM Ali,AG Milton,SA Patterson,1,0,,,,,,,,,,,,,
1127670,2018,2018-09-24,"County Ground, New Road, Worcester",3,19.1,19.1,Worcestershire,Yorkshire,MM Ali,AG Milton,TT Bresnan,4,0,,,,,,,,,,,,,
1127670,2018,2018-09-24,"County Ground, New Road, Worcester",3,19.2,19.2,Worcestershire,Yorkshire,MM Ali,AG Milton,TT Bresnan,0,0,,,,,,,,,,,,,
1127670,2018,2018-09-24,"County Ground, New Road, Worcester",3,19.3,19.3,Worcestershire,Yorkshire,MM Ali,AG Milton,TT Bresnan,0,0,,,,,,,,,,,,,
1127670,2018,2018-09-24,"County Ground, New Road, Worcester",3,19.4,19.4,Worcestershire,Yorkshire,MM Ali,AG Milton,TT Bresnan,4,0,,,,,,,,,,,,,
1127670,2018,2018-09-24,"County Ground, New Road, Worcester",3,19.5,19.5,Worcestershire,Yorkshire,MM Ali,AG Milton,TT Bresnan,1,0,,,,,,,,,,,,,
1127670,2018,2018-09-24,"County Ground, New Road, Worcester",3,19.6,19.6,Worcestershire,Yorkshire,AG Milton,MM Ali,TT Bresnan,0,0,,,,,,,,,,,,,
1127670,2018,2018-09-24,"County Ground, New Road, Worcester",3,20.1,20.1,Worcestershire,Yorkshire,MM Ali,AG Milton,SA Patterson,0,0,,,,,,,,,,,,,
1127670,2018,2018-09-24,"County Ground, New Road, Worcester",3,20.2,20.2,Worcestershire,Yorkshire,MM Ali,AG Milton,SA Patterson,0,0,,,,,,,,,,,,,
1127670,2018,2018-09-24,"County Ground, New Road, Worcester",3,20.3,20.3,Worcestershire,Yorkshire,MM Ali,AG Milton,SA Patterson,0,0,,,,,,,,,,,,,
1127670,2018,2018-09-24,"County Ground, New Road, Worcester",3,20.4,20.4,Worcestershire,Yorkshire,MM Ali,AG Milton,SA Patterson,0,0,,,,,,,,,,,,,
1127670,2018,2018-09-24,"County Ground, New Road, Worcester",3,20.5,20.5,Worcestershire,Yorkshire,MM Ali,AG Milton,SA Patterson,1,0,,,,,,,,,,,,,
1127670,2018,2018-09-24,"County Ground, New Road, Worcester",3,20.6,20.6,Worcestershire,Yorkshire,AG Milton,MM Ali,SA Patterson,0,0,,,,,,,,,,,,,
1127670,2018,2018-09-24,"County Ground, New Road, Worcester",3,21.1,21.1,Worcestershire,Yorkshire,MM Ali,AG Milton,JA Brooks,1,0,,,,,,,,,,,,,
1127670,2018,2018-09-24,"County Ground, New Road, Worcester",3,21.2,21.2,Worcestershire,Yorkshire,AG Milton,MM Ali,JA Brooks,0,0,,,,,,,,,,,,,
1127670,2018,2018-09-24,"County Ground, New Road, Worcester",3,21.3,21.3,Worcestershire,Yorkshire,AG Milton,MM Ali,JA Brooks,3,0,,,,,,,,,,,,,
1127670,2018,2018-09-24,"County Ground, New Road, Worcester",3,21.4,21.4,Worcestershire,Yorkshire,MM Ali,AG Milton,JA Brooks,0,0,,,,,,,,,,,,,
1127670,2018,2018-09-24,"County Ground, New Road, Worcester",3,21.5,21.5,Worcestershire,Yorkshire,MM Ali,AG Milton,JA Brooks,0,0,,,,,,,,,,,,,
1127670,2018,2018-09-24,"County Ground, New Road, Worcester",3,21.6,21.6,Worcestershire,Yorkshire,MM Ali,AG Milton,JA Brooks,1,0,,,,,,,,,,,,,
1127670,2018,2018-09-24,"County Ground, New Road, Worcester",3,22.1,22.1,Worcestershire,Yorkshire,MM Ali,AG Milton,SA Patterson,0,0,,,,,,,,,,,,,
1127670,2018,2018-09-24,"County Ground, New Road, Worcester",3,22.2,22.2,Worcestershire,Yorkshire,MM Ali,AG Milton,SA Patterson,0,0,,,,,,,,,,,,,
1127670,2018,2018-09-24,"County Ground, New Road, Worcester",3,22.3,22.3,Worcestershire,Yorkshire,MM Ali,AG Milton,SA Patterson,4,0,,,,,,,,,,,,,
1127670,2018,2018-09-24,"County Ground, New Road, Worcester",3,22.4,22.4,Worcestershire,Yorkshire,MM Ali,AG Milton,SA Patterson,0,0,,,,,,,,,,,,,
1127670,2018,2018-09-24,"County Ground, New Road, Worcester",3,22.5,22.5,Worcestershire,Yorkshire,MM Ali,AG Milton,SA Patterson,0,0,,,,,,,,,,,,,
1127670,2018,2018-09-24,"County Ground, New Road, Worcester",3,22.6,22.6,Worcestershire,Yorkshire,MM Ali,AG Milton,SA Patterson,4,0,,,,,,,,,,,,,
1127670,2018,2018-09-24,"County Ground, New Road, Worcester",3,23.1,23.1,Worcestershire,Yorkshire,AG Milton,MM Ali,JA Brooks,2,0,,,,,,,,,,,,,
1127670,2018,2018-09-24,"County Ground, New Road, Worcester",3,23.2,23.2,Worcestershire,Yorkshire,AG Milton,MM Ali,JA Brooks,0,0,,,,,,,,,,,,,
1127670,2018,2018-09-24,"County Ground, New Road, Worcester",3,23.3,23.3,Worcestershire,Yorkshire,AG Milton,MM Ali,JA Brooks,0,0,,,,,,,,,,,,,
1127670,2018,2018-09-24,"County Ground, New Road, Worcester",3,23.4,23.4,Worcestershire,Yorkshire,AG Milton,MM Ali,JA Brooks,0,0,,,,,,,,,,,,,
1127670,2018,2018-09-24,"County Ground, New Road, Worcester",3,23.5,23.5,Worcestershire,Yorkshire,AG Milton,MM Ali,JA Brooks,0,0,,,,,,,,,,,,,
1127670,2018,2018-09-24,"County Ground, New Road, Worcester",3,23.6,23.6,Worcestershire,Yorkshire,AG Milton,MM Ali,JA Brooks,0,0,,,,,,,,,,,,,
1127670,2018,2018-09-24,"County Ground, New Road, Worcester",3,24.1,24.1,Worcestershire,Yorkshire,MM Ali,AG Milton,SA Patterson,2,0,,,,,,,,,,,,,
1127670,2018,2018-09-24,"County Ground, New Road, Worcester",3,24.2,24.2,Worcestershire,Yorkshire,MM Ali,AG Milton,SA Patterson,0,0,,,,,,,,,,,,,
1127670,2018,2018-09-24,"County Ground, New Road, Worcester",3,24.3,24.3,Worcestershire,Yorkshire,MM Ali,AG Milton,SA Patterson,0,0,,,,,,,caught and bowled,MM Ali,,,,,
1127670,2018,2018-09-24,"County Ground, New Road, Worcester",3,24.4,24.4,Worcestershire,Yorkshire,OB Cox,AG Milton,SA Patterson,0,0,,,,,,,,,,,,,
1127670,2018,2018-09-24,"County Ground, New Road, Worcester",3,24.5,24.5,Worcestershire,Yorkshire,OB Cox,AG Milton,SA Patterson,0,0,,,,,,,,,,,,,
1127670,2018,2018-09-24,"County Ground, New Road, Worcester",3,24.6,24.6,Worcestershire,Yorkshire,OB Cox,AG Milton,SA Patterson,0,0,,,,,,,,,,,,,
1127670,2018,2018-09-24,"County Ground, New Road, Worcester",3,25.1,25.1,Worcestershire,Yorkshire,AG Milton,OB Cox,BO Coad,0,0,,,,,,,caught,AG Milton,,,JA Tattersall,,
1127670,2018,2018-09-24,"County Ground, New Road, Worcester",3,25.2,25.2,Worcestershire,Yorkshire,EG Barnard,OB Cox,BO Coad,0,0,,,,,,,,,,,,,
1127670,2018,2018-09-24,"County Ground, New Road, Worcester",3,25.3,25.3,Worcestershire,Yorkshire,EG Barnard,OB Cox,BO Coad,0,0,,,,,,,caught,EG Barnard,,,JA Leaning,,
1127670,2018,2018-09-24,"County Ground, New Road, Worcester",3,25.4,25.4,Worcestershire,Yorkshire,BJ Twohig,OB Cox,BO Coad,0,0,,,,,,,,,,,,,
1127670,2018,2018-09-24,"County Ground, New Road, Worcester",3,25.5,25.5,Worcestershire,Yorkshire,BJ Twohig,OB Cox,BO Coad,0,3,,,3,,,,,,,,,,
1127670,2018,2018-09-24,"County Ground, New Road, Worcester",3,25.6,25.6,Worcestershire,Yorkshire,OB Cox,BJ Twohig,BO Coad,0,0,,,,,,,,,,,,,
1127670,2018,2018-09-24,"County Ground, New Road, Worcester",3,26.1,26.1,Worcestershire,Yorkshire,BJ Twohig,OB Cox,SA Patterson,0,0,,,,,,,,,,,,,
1127670,2018,2018-09-24,"County Ground, New Road, Worcester",3,26.2,26.2,Worcestershire,Yorkshire,BJ Twohig,OB Cox,SA Patterson,1,0,,,,,,,,,,,,,
1127670,2018,2018-09-24,"County Ground, New Road, Worcester",3,26.3,26.3,Worcestershire,Yorkshire,OB Cox,BJ Twohig,SA Patterson,1,0,,,,,,,,,,,,,
1127670,2018,2018-09-24,"County Ground, New Road, Worcester",3,26.4,26.4,Worcestershire,Yorkshire,BJ Twohig,OB Cox,SA Patterson,0,0,,,,,,,,,,,,,
1127670,2018,2018-09-24,"County Ground, New Road, Worcester",3,26.5,26.5,Worcestershire,Yorkshire,BJ Twohig,OB Cox,SA Patterson,0,0,,,,,,,,,,,,,
1127670,2018,2018-09-24,"County Ground, New Road, Worcester",3,26.6,26.6,Worcestershire,Yorkshire,BJ Twohig,OB Cox,SA Patterson,0,0,,,,,,,,,,,,,
1127670,2018,2018-09-24,"County Ground, New Road, Worcester",3,27.1,27.1,Worcestershire,Yorkshire,OB Cox,BJ Twohig,BO Coad,0,0,,,,,,,,,,,,,
1127670,2018,2018-09-24,"County Ground, New Road, Worcester",3,27.2,27.2,Worcestershire,Yorkshire,OB Cox,BJ Twohig,BO Coad,4,0,,,,,,,,,,,,,
1127670,2018,2018-09-24,"County Ground, New Road, Worcester",3,27.3,27.3,Worcestershire,Yorkshire,OB Cox,BJ Twohig,BO Coad,0,0,,,,,,,,,,,,,
1127670,2018,2018-09-24,"County Ground, New Road, Worcester",3,27.4,27.4,Worcestershire,Yorkshire,OB Cox,BJ Twohig,BO Coad,0,0,,,,,,,,,,,,,
1127670,2018,2018-09-24,"County Ground, New Road, Worcester",3,27.5,27.5,Worcestershire,Yorkshire,OB Cox,BJ Twohig,BO Coad,0,0,,,,,,,,,,,,,
1127670,2018,2018-09-24,"County Ground, New Road, Worcester",3,27.6,27.6,Worcestershire,Yorkshire,OB Cox,BJ Twohig,BO Coad,0,0,,,,,,,,,,,,,
1127670,2018,2018-09-24,"County Ground, New Road, Worcester",3,28.1,28.1,Worcestershire,Yorkshire,BJ Twohig,OB Cox,SA Patterson,0,0,,,,,,,,,,,,,
1127670,2018,2018-09-24,"County Ground, New Road, Worcester",3,28.2,28.2,Worcestershire,Yorkshire,BJ Twohig,OB Cox,SA Patterson,0,0,,,,,,,,,,,,,
1127670,2018,2018-09-24,"County Ground, New Road, Worcester",3,28.3,28.3,Worcestershire,Yorkshire,BJ Twohig,OB Cox,SA Patterson,0,0,,,,,,,,,,,,,
1127670,2018,2018-09-24,"County Ground, New Road, Worcester",3,28.4,28.4,Worcestershire,Yorkshire,BJ Twohig,OB Cox,SA Patterson,0,0,,,,,,,,,,,,,
1127670,2018,2018-09-24,"County Ground, New Road, Worcester",3,28.5,28.5,Worcestershire,Yorkshire,BJ Twohig,OB Cox,SA Patterson,0,0,,,,,,,,,,,,,
1127670,2018,2018-09-24,"County Ground, New Road, Worcester",3,28.6,28.6,Worcestershire,Yorkshire,BJ Twohig,OB Cox,SA Patterson,0,0,,,,,,,,,,,,,
1127670,2018,2018-09-24,"County Ground, New Road, Worcester",3,29.1,29.1,Worcestershire,Yorkshire,OB Cox,BJ Twohig,BO Coad,1,0,,,,,,,,,,,,,
1127670,2018,2018-09-24,"County Ground, New Road, Worcester",3,29.2,29.2,Worcestershire,Yorkshire,BJ Twohig,OB Cox,BO Coad,0,0,,,,,,,,,,,,,
1127670,2018,2018-09-24,"County Ground, New Road, Worcester",3,29.3,29.3,Worcestershire,Yorkshire,BJ Twohig,OB Cox,BO Coad,0,0,,,,,,,,,,,,,
1127670,2018,2018-09-24,"County Ground, New Road, Worcester",3,29.4,29.4,Worcestershire,Yorkshire,BJ Twohig,OB Cox,BO Coad,0,0,,,,,,,,,,,,,
1127670,2018,2018-09-24,"County Ground, New Road, Worcester",3,29.5,29.5,Worcestershire,Yorkshire,BJ Twohig,OB Cox,BO Coad,0,0,,,,,,,caught,BJ Twohig,,,TT Bresnan,,
1127670,2018,2018-09-24,"County Ground, New Road, Worcester",3,29.6,29.6,Worcestershire,Yorkshire,WD Parnell,OB Cox,BO Coad,0,0,,,,,,,,,,,,,
1127670,2018,2018-09-24,"County Ground, New Road, Worcester",3,30.1,30.1,Worcestershire,Yorkshire,OB Cox,WD Parnell,SA Patterson,0,0,,,,,,,,,,,,,
1127670,2018,2018-09-24,"County Ground, New Road, Worcester",3,30.2,30.2,Worcestershire,Yorkshire,OB Cox,WD Parnell,SA Patterson,0,0,,,,,,,,,,,,,
1127670,2018,2018-09-24,"County Ground, New Road, Worcester",3,30.3,30.3,Worcestershire,Yorkshire,OB Cox,WD Parnell,SA Patterson,0,1,,,,1,,,,,,,,,
1127670,2018,2018-09-24,"County Ground, New Road, Worcester",3,30.4,30.4,Worcestershire,Yorkshire,WD Parnell,OB Cox,SA Patterson,2,0,,,,,,,,,,,,,
1127670,2018,2018-09-24,"County Ground, New Road, Worcester",3,30.5,30.5,Worcestershire,Yorkshire,WD Parnell,OB Cox,SA Patterson,0,0,,,,,,,,,,,,,
1127670,2018,2018-09-24,"County Ground, New Road, Worcester",3,30.6,30.6,Worcestershire,Yorkshire,WD Parnell,OB Cox,SA Patterson,0,0,,,,,,,,,,,,,
1127670,2018,2018-09-24,"County Ground, New Road, Worcester",3,31.1,31.1,Worcestershire,Yorkshire,OB Cox,WD Parnell,BO Coad,0,0,,,,,,,,,,,,,
1127670,2018,2018-09-24,"County Ground, New Road, Worcester",3,31.2,31.2,Worcestershire,Yorkshire,OB Cox,WD Parnell,BO Coad,0,0,,,,,,,,,,,,,
1127670,2018,2018-09-24,"County Ground, New Road, Worcester",3,31.3,31.3,Worcestershire,Yorkshire,OB Cox,WD Parnell,BO Coad,6,0,,,,,,,,,,,,,
1127670,2018,2018-09-24,"County Ground, New Road, Worcester",3,31.4,31.4,Worcestershire,Yorkshire,OB Cox,WD Parnell,BO Coad,0,0,,,,,,,,,,,,,
1127670,2018,2018-09-24,"County Ground, New Road, Worcester",3,31.5,31.5,Worcestershire,Yorkshire,OB Cox,WD Parnell,BO Coad,0,0,,,,,,,,,,,,,
1127670,2018,2018-09-24,"County Ground, New Road, Worcester",3,31.6,31.6,Worcestershire,Yorkshire,OB Cox,WD Parnell,BO Coad,0,0,,,,,,,,,,,,,
1127670,2018,2018-09-24,"County Ground, New Road, Worcester",3,32.1,32.1,Worcestershire,Yorkshire,WD Parnell,OB Cox,SA Patterson,4,0,,,,,,,,,,,,,
1127670,2018,2018-09-24,"County Ground, New Road, Worcester",3,32.2,32.2,Worcestershire,Yorkshire,WD Parnell,OB Cox,SA Patterson,0,1,,,,1,,,,,,,,,
1127670,2018,2018-09-24,"County Ground, New Road, Worcester",3,32.3,32.3,Worcestershire,Yorkshire,OB Cox,WD Parnell,SA Patterson,0,0,,,,,,,,,,,,,
1127670,2018,2018-09-24,"County Ground, New Road, Worcester",3,32.4,32.4,Worcestershire,Yorkshire,OB Cox,WD Parnell,SA Patterson,1,0,,,,,,,,,,,,,
1127670,2018,2018-09-24,"County Ground, New Road, Worcester",3,32.5,32.5,Worcestershire,Yorkshire,WD Parnell,OB Cox,SA Patterson,0,0,,,,,,,,,,,,,
1127670,2018,2018-09-24,"County Ground, New Road, Worcester",3,32.6,32.6,Worcestershire,Yorkshire,WD Parnell,OB Cox,SA Patterson,0,0,,,,,,,,,,,,,
1127670,2018,2018-09-24,"County Ground, New Road, Worcester",3,33.1,33.1,Worcestershire,Yorkshire,OB Cox,WD Parnell,BO Coad,4,0,,,,,,,,,,,,,
1127670,2018,2018-09-24,"County Ground, New Road, Worcester",3,33.2,33.2,Worcestershire,Yorkshire,OB Cox,WD Parnell,BO Coad,0,0,,,,,,,,,,,,,
1127670,2018,2018-09-24,"County Ground, New Road, Worcester",3,33.3,33.3,Worcestershire,Yorkshire,OB Cox,WD Parnell,BO Coad,1,0,,,,,,,,,,,,,
1127670,2018,2018-09-24,"County Ground, New Road, Worcester",3,33.4,33.4,Worcestershire,Yorkshire,WD Parnell,OB Cox,BO Coad,2,0,,,,,,,,,,,,,
1127670,2018,2018-09-24,"County Ground, New Road, Worcester",3,33.5,33.5,Worcestershire,Yorkshire,WD Parnell,OB Cox,BO Coad,0,0,,,,,,,,,,,,,
1127670,2018,2018-09-24,"County Ground, New Road, Worcester",3,33.6,33.6,Worcestershire,Yorkshire,WD Parnell,OB Cox,BO Coad,4,0,,,,,,,,,,,,,
1127670,2018,2018-09-24,"County Ground, New Road, Worcester",3,34.1,34.1,Worcestershire,Yorkshire,OB Cox,WD Parnell,SA Patterson,0,0,,,,,,,,,,,,,
1127670,2018,2018-09-24,"County Ground, New Road, Worcester",3,34.2,34.2,Worcestershire,Yorkshire,OB Cox,WD Parnell,SA Patterson,0,0,,,,,,,,,,,,,
1127670,2018,2018-09-24,"County Ground, New Road, Worcester",3,34.3,34.3,Worcestershire,Yorkshire,OB Cox,WD Parnell,SA Patterson,0,0,,,,,,,,,,,,,
1127670,2018,2018-09-24,"County Ground, New Road, Worcester",3,34.4,34.4,Worcestershire,Yorkshire,OB Cox,WD Parnell,SA Patterson,0,0,,,,,,,,,,,,,
1127670,2018,2018-09-24,"County Ground, New Road, Worcester",3,34.5,34.5,Worcestershire,Yorkshire,OB Cox,WD Parnell,SA Patterson,0,0,,,,,,,,,,,,,
1127670,2018,2018-09-24,"County Ground, New Road, Worcester",3,34.6,34.6,Worcestershire,Yorkshire,OB Cox,WD Parnell,SA Patterson,0,0,,,,,,,bowled,OB Cox,,,,,
1127670,2018,2018-09-24,"County Ground, New Road, Worcester",3,35.1,35.1,Worcestershire,Yorkshire,WD Parnell,JC Tongue,JA Brooks,0,0,,,,,,,,,,,,,
1127670,2018,2018-09-24,"County Ground, New Road, Worcester",3,35.2,35.2,Worcestershire,Yorkshire,WD Parnell,JC Tongue,JA Brooks,0,0,,,,,,,,,,,,,
1127670,2018,2018-09-24,"County Ground, New Road, Worcester",3,35.3,35.3,Worcestershire,Yorkshire,WD Parnell,JC Tongue,JA Brooks,4,0,,,,,,,,,,,,,
1127670,2018,2018-09-24,"County Ground, New Road, Worcester",3,35.4,35.4,Worcestershire,Yorkshire,WD Parnell,JC Tongue,JA Brooks,0,0,,,,,,,,,,,,,
1127670,2018,2018-09-24,"County Ground, New Road, Worcester",3,35.5,35.5,Worcestershire,Yorkshire,WD Parnell,JC Tongue,JA Brooks,4,0,,,,,,,,,,,,,
1127670,2018,2018-09-24,"County Ground, New Road, Worcester",3,35.6,35.6,Worcestershire,Yorkshire,WD Parnell,JC Tongue,JA Brooks,1,0,,,,,,,,,,,,,
1127670,2018,2018-09-24,"County Ground, New Road, Worcester",3,36.1,36.1,Worcestershire,Yorkshire,WD Parnell,JC Tongue,SA Patterson,0,0,,,,,,,,,,,,,
1127670,2018,2018-09-24,"County Ground, New Road, Worcester",3,36.2,36.2,Worcestershire,Yorkshire,WD Parnell,JC Tongue,SA Patterson,0,0,,,,,,,,,,,,,
1127670,2018,2018-09-24,"County Ground, New Road, Worcester",3,36.3,36.3,Worcestershire,Yorkshire,WD Parnell,JC Tongue,SA Patterson,0,0,,,,,,,,,,,,,
1127670,2018,2018-09-24,"County Ground, New Road, Worcester",3,36.4,36.4,Worcestershire,Yorkshire,WD Parnell,JC Tongue,SA Patterson,1,0,,,,,,,,,,,,,
1127670,2018,2018-09-24,"County Ground, New Road, Worcester",3,36.5,36.5,Worcestershire,Yorkshire,JC Tongue,WD Parnell,SA Patterson,0,0,,,,,,,,,,,,,
1127670,2018,2018-09-24,"County Ground, New Road, Worcester",3,36.6,36.6,Worcestershire,Yorkshire,JC Tongue,WD Parnell,SA Patterson,0,0,,,,,,,,,,,,,
1127670,2018,2018-09-24,"County Ground, New Road, Worcester",3,37.1,37.1,Worcestershire,Yorkshire,WD Parnell,JC Tongue,JA Brooks,0,0,,,,,,,,,,,,,
1127670,2018,2018-09-24,"County Ground, New Road, Worcester",3,37.2,37.2,Worcestershire,Yorkshire,WD Parnell,JC Tongue,JA Brooks,0,0,,,,,,,,,,,,,
1127670,2018,2018-09-24,"County Ground, New Road, Worcester",3,37.3,37.3,Worcestershire,Yorkshire,WD Parnell,JC Tongue,JA Brooks,0,0,,,,,,,,,,,,,
1127670,2018,2018-09-24,"County Ground, New Road, Worcester",3,37.4,37.4,Worcestershire,Yorkshire,WD Parnell,JC Tongue,JA Brooks,0,0,,,,,,,,,,,,,
1127670,2018,2018-09-24,"County Ground, New Road, Worcester",3,37.5,37.5,Worcestershire,Yorkshire,WD Parnell,JC Tongue,JA Brooks,4,0,,,,,,,,,,,,,
1127670,2018,2018-09-24,"County Ground, New Road, Worcester",3,37.6,37.6,Worcestershire,Yorkshire,WD Parnell,JC Tongue,JA Brooks,1,0,,,,,,,,,,,,,
1127670,2018,2018-09-24,"County Ground, New Road, Worcester",3,38.1,38.1,Worcestershire,Yorkshire,WD Parnell,JC Tongue,SA Patterson,1,0,,,,,,,,,,,,,
1127670,2018,2018-09-24,"County Ground, New Road, Worcester",3,38.2,38.2,Worcestershire,Yorkshire,JC Tongue,WD Parnell,SA Patterson,0,0,,,,,,,,,,,,,
1127670,2018,2018-09-24,"County Ground, New Road, Worcester",3,38.3,38.3,Worcestershire,Yorkshire,JC Tongue,WD Parnell,SA Patterson,0,0,,,,,,,,,,,,,
1127670,2018,2018-09-24,"County Ground, New Road, Worcester",3,38.4,38.4,Worcestershire,Yorkshire,JC Tongue,WD Parnell,SA Patterson,4,0,,,,,,,,,,,,,
1127670,2018,2018-09-24,"County Ground, New Road, Worcester",3,38.5,38.5,Worcestershire,Yorkshire,JC Tongue,WD Parnell,SA Patterson,0,0,,,,,,,,,,,,,
1127670,2018,2018-09-24,"County Ground, New Road, Worcester",3,38.6,38.6,Worcestershire,Yorkshire,JC Tongue,WD Parnell,SA Patterson,0,0,,,,,,,,,,,,,
1127670,2018,2018-09-24,"County Ground, New Road, Worcester",3,39.1,39.1,Worcestershire,Yorkshire,WD Parnell,JC Tongue,JA Brooks,0,0,,,,,,,,,,,,,
1127670,2018,2018-09-24,"County Ground, New Road, Worcester",3,39.2,39.2,Worcestershire,Yorkshire,WD Parnell,JC Tongue,JA Brooks,4,0,,,,,,,,,,,,,
1127670,2018,2018-09-24,"County Ground, New Road, Worcester",3,39.3,39.3,Worcestershire,Yorkshire,WD Parnell,JC Tongue,JA Brooks,1,0,,,,,,,,,,,,,
1127670,2018,2018-09-24,"County Ground, New Road, Worcester",3,39.4,39.4,Worcestershire,Yorkshire,JC Tongue,WD Parnell,JA Brooks,0,0,,,,,,,,,,,,,
1127670,2018,2018-09-24,"County Ground, New Road, Worcester",3,39.5,39.5,Worcestershire,Yorkshire,JC Tongue,WD Parnell,JA Brooks,0,0,,,,,,,,,,,,,
1127670,2018,2018-09-24,"County Ground, New Road, Worcester",3,39.6,39.6,Worcestershire,Yorkshire,JC Tongue,WD Parnell,JA Brooks,0,0,,,,,,,,,,,,,
1127670,2018,2018-09-24,"County Ground, New Road, Worcester",3,40.1,40.1,Worcestershire,Yorkshire,WD Parnell,JC Tongue,TT Bresnan,0,0,,,,,,,,,,,,,
1127670,2018,2018-09-24,"County Ground, New Road, Worcester",3,40.2,40.2,Worcestershire,Yorkshire,WD Parnell,JC Tongue,TT Bresnan,4,0,,,,,,,,,,,,,
1127670,2018,2018-09-24,"County Ground, New Road, Worcester",3,40.3,40.3,Worcestershire,Yorkshire,WD Parnell,JC Tongue,TT Bresnan,0,0,,,,,,,,,,,,,
1127670,2018,2018-09-24,"County Ground, New Road, Worcester",3,40.4,40.4,Worcestershire,Yorkshire,WD Parnell,JC Tongue,TT Bresnan,0,0,,,,,,,,,,,,,
1127670,2018,2018-09-24,"County Ground, New Road, Worcester",3,40.5,40.5,Worcestershire,Yorkshire,WD Parnell,JC Tongue,TT Bresnan,1,0,,,,,,,,,,,,,
1127670,2018,2018-09-24,"County Ground, New Road, Worcester",3,40.6,40.6,Worcestershire,Yorkshire,JC Tongue,WD Parnell,TT Bresnan,0,0,,,,,,,,,,,,,
1127670,2018,2018-09-24,"County Ground, New Road, Worcester",3,41.1,41.1,Worcestershire,Yorkshire,WD Parnell,JC Tongue,JA Brooks,4,0,,,,,,,,,,,,,
1127670,2018,2018-09-24,"County Ground, New Road, Worcester",3,41.2,41.2,Worcestershire,Yorkshire,WD Parnell,JC Tongue,JA Brooks,0,0,,,,,,,,,,,,,
1127670,2018,2018-09-24,"County Ground, New Road, Worcester",3,41.3,41.3,Worcestershire,Yorkshire,WD Parnell,JC Tongue,JA Brooks,1,0,,,,,,,,,,,,,
1127670,2018,2018-09-24,"County Ground, New Road, Worcester",3,41.4,41.4,Worcestershire,Yorkshire,JC Tongue,WD Parnell,JA Brooks,4,0,,,,,,,,,,,,,
1127670,2018,2018-09-24,"County Ground, New Road, Worcester",3,41.5,41.5,Worcestershire,Yorkshire,JC Tongue,WD Parnell,JA Brooks,0,0,,,,,,,,,,,,,
1127670,2018,2018-09-24,"County Ground, New Road, Worcester",3,41.6,41.6,Worcestershire,Yorkshire,JC Tongue,WD Parnell,JA Brooks,0,0,,,,,,,,,,,,,
1127670,2018,2018-09-24,"County Ground, New Road, Worcester",3,42.1,42.1,Worcestershire,Yorkshire,WD Parnell,JC Tongue,TT Bresnan,0,0,,,,,,,,,,,,,
1127670,2018,2018-09-24,"County Ground, New Road, Worcester",3,42.2,42.2,Worcestershire,Yorkshire,WD Parnell,JC Tongue,TT Bresnan,1,0,,,,,,,,,,,,,
1127670,2018,2018-09-24,"County Ground, New Road, Worcester",3,42.3,42.3,Worcestershire,Yorkshire,JC Tongue,WD Parnell,TT Bresnan,0,0,,,,,,,caught,JC Tongue,,,T Kohler-Cadmore,,
1127670,2018,2018-09-24,"County Ground, New Road, Worcester",3,42.4,42.4,Worcestershire,Yorkshire,DY Pennington,WD Parnell,TT Bresnan,0,0,,,,,,,,,,,,,
1127670,2018,2018-09-24,"County Ground, New Road, Worcester",3,42.5,42.5,Worcestershire,Yorkshire,DY Pennington,WD Parnell,TT Bresnan,0,0,,,,,,,,,,,,,
1127670,2018,2018-09-24,"County Ground, New Road, Worcester",3,42.6,42.6,Worcestershire,Yorkshire,DY Pennington,WD Parnell,TT Bresnan,0,0,,,,,,,,,,,,,
1127670,2018,2018-09-24,"County Ground, New Road, Worcester",3,43.1,43.1,Worcestershire,Yorkshire,WD Parnell,DY Pennington,JA Brooks,2,0,,,,,,,,,,,,,
1127670,2018,2018-09-24,"County Ground, New Road, Worcester",3,43.2,43.2,Worcestershire,Yorkshire,WD Parnell,DY Pennington,JA Brooks,1,0,,,,,,,,,,,,,
1127670,2018,2018-09-24,"County Ground, New Road, Worcester",3,43.3,43.3,Worcestershire,Yorkshire,DY Pennington,WD Parnell,JA Brooks,0,0,,,,,,,,,,,,,
1127670,2018,2018-09-24,"County Ground, New Road, Worcester",3,43.4,43.4,Worcestershire,Yorkshire,DY Pennington,WD Parnell,JA Brooks,4,0,,,,,,,,,,,,,
1127670,2018,2018-09-24,"County Ground, New Road, Worcester",3,43.5,43.5,Worcestershire,Yorkshire,DY Pennington,WD Parnell,JA Brooks,0,0,,,,,,,,,,,,,
1127670,2018,2018-09-24,"County Ground, New Road, Worcester",3,43.6,43.6,Worcestershire,Yorkshire,DY Pennington,WD Parnell,JA Brooks,0,0,,,,,,,,,,,,,
1127670,2018,2018-09-24,"County Ground, New Road, Worcester",3,44.1,44.1,Worcestershire,Yorkshire,WD Parnell,DY Pennington,TT Bresnan,0,0,,,,,,,,,,,,,
1127670,2018,2018-09-24,"County Ground, New Road, Worcester",3,44.2,44.2,Worcestershire,Yorkshire,WD Parnell,DY Pennington,TT Bresnan,0,0,,,,,,,,,,,,,
1127670,2018,2018-09-24,"County Ground, New Road, Worcester",3,44.3,44.3,Worcestershire,Yorkshire,WD Parnell,DY Pennington,TT Bresnan,0,0,,,,,,,,,,,,,
1127670,2018,2018-09-24,"County Ground, New Road, Worcester",3,44.4,44.4,Worcestershire,Yorkshire,WD Parnell,DY Pennington,TT Bresnan,4,0,,,,,,,,,,,,,
1127670,2018,2018-09-24,"County Ground, New Road, Worcester",3,44.5,44.5,Worcestershire,Yorkshire,WD Parnell,DY Pennington,TT Bresnan,0,0,,,,,,,,,,,,,
1127670,2018,2018-09-24,"County Ground, New Road, Worcester",3,44.6,44.6,Worcestershire,Yorkshire,WD Parnell,DY Pennington,TT Bresnan,1,0,,,,,,,,,,,,,
1127670,2018,2018-09-24,"County Ground, New Road, Worcester",3,45.1,45.1,Worcestershire,Yorkshire,WD Parnell,DY Pennington,JA Brooks,0,0,,,,,,,,,,,,,
1127670,2018,2018-09-24,"County Ground, New Road, Worcester",3,45.2,45.2,Worcestershire,Yorkshire,WD Parnell,DY Pennington,JA Brooks,0,0,,,,,,,,,,,,,
1127670,2018,2018-09-24,"County Ground, New Road, Worcester",3,45.3,45.3,Worcestershire,Yorkshire,WD Parnell,DY Pennington,JA Brooks,0,0,,,,,,,,,,,,,
1127670,2018,2018-09-24,"County Ground, New Road, Worcester",3,45.4,45.4,Worcestershire,Yorkshire,WD Parnell,DY Pennington,JA Brooks,0,0,,,,,,,,,,,,,
1127670,2018,2018-09-24,"County Ground, New Road, Worcester",3,45.5,45.5,Worcestershire,Yorkshire,WD Parnell,DY Pennington,JA Brooks,0,0,,,,,,,,,,,,,
1127670,2018,2018-09-24,"County Ground, New Road, Worcester",3,45.6,45.6,Worcestershire,Yorkshire,WD Parnell,DY Pennington,JA Brooks,4,0,,,,,,,,,,,,,
1127670,2018,2018-09-24,"County Ground, New Road, Worcester",3,46.1,46.1,Worcestershire,Yorkshire,DY Pennington,WD Parnell,JEG Logan,0,0,,,,,,,,,,,,,
1127670,2018,2018-09-24,"County Ground, New Road, Worcester",3,46.2,46.2,Worcestershire,Yorkshire,DY Pennington,WD Parnell,JEG Logan,0,0,,,,,,,,,,,,,
1127670,2018,2018-09-24,"County Ground, New Road, Worcester",3,46.3,46.3,Worcestershire,Yorkshire,DY Pennington,WD Parnell,JEG Logan,0,0,,,,,,,,,,,,,
1127670,2018,2018-09-24,"County Ground, New Road, Worcester",3,46.4,46.4,Worcestershire,Yorkshire,DY Pennington,WD Parnell,JEG Logan,0,0,,,,,,,,,,,,,
1127670,2018,2018-09-24,"County Ground, New Road, Worcester",3,46.5,46.5,Worcestershire,Yorkshire,DY Pennington,WD Parnell,JEG Logan,0,0,,,,,,,,,,,,,
1127670,2018,2018-09-24,"County Ground, New Road, Worcester",3,46.6,46.6,Worcestershire,Yorkshire,DY Pennington,WD Parnell,JEG Logan,0,0,,,,,,,,,,,,,
1127670,2018,2018-09-24,"County Ground, New Road, Worcester",3,47.1,47.1,Worcestershire,Yorkshire,WD Parnell,DY Pennington,TT Bresnan,0,0,,,,,,,,,,,,,
1127670,2018,2018-09-24,"County Ground, New Road, Worcester",3,47.2,47.2,Worcestershire,Yorkshire,WD Parnell,DY Pennington,TT Bresnan,0,0,,,,,,,,,,,,,
1127670,2018,2018-09-24,"County Ground, New Road, Worcester",3,47.3,47.3,Worcestershire,Yorkshire,WD Parnell,DY Pennington,TT Bresnan,0,0,,,,,,,,,,,,,
1127670,2018,2018-09-24,"County Ground, New Road, Worcester",3,47.4,47.4,Worcestershire,Yorkshire,WD Parnell,DY Pennington,TT Bresnan,1,0,,,,,,,,,,,,,
1127670,2018,2018-09-24,"County Ground, New Road, Worcester",3,47.5,47.5,Worcestershire,Yorkshire,DY Pennington,WD Parnell,TT Bresnan,0,0,,,,,,,,,,,,,
1127670,2018,2018-09-24,"County Ground, New Road, Worcester",3,47.6,47.6,Worcestershire,Yorkshire,DY Pennington,WD Parnell,TT Bresnan,1,0,,,,,,,,,,,,,
1127670,2018,2018-09-24,"County Ground, New Road, Worcester",3,48.1,48.1,Worcestershire,Yorkshire,DY Pennington,WD Parnell,JEG Logan,0,0,,,,,,,,,,,,,
1127670,2018,2018-09-24,"County Ground, New Road, Worcester",3,48.2,48.2,Worcestershire,Yorkshire,DY Pennington,WD Parnell,JEG Logan,0,0,,,,,,,,,,,,,
1127670,2018,2018-09-24,"County Ground, New Road, Worcester",3,48.3,48.3,Worcestershire,Yorkshire,DY Pennington,WD Parnell,JEG Logan,0,0,,,,,,,,,,,,,
1127670,2018,2018-09-24,"County Ground, New Road, Worcester",3,48.4,48.4,Worcestershire,Yorkshire,DY Pennington,WD Parnell,JEG Logan,4,0,,,,,,,,,,,,,
1127670,2018,2018-09-24,"County Ground, New Road, Worcester",3,48.5,48.5,Worcestershire,Yorkshire,DY Pennington,WD Parnell,JEG Logan,0,0,,,,,,,,,,,,,
1127670,2018,2018-09-24,"County Ground, New Road, Worcester",3,48.6,48.6,Worcestershire,Yorkshire,DY Pennington,WD Parnell,JEG Logan,0,0,,,,,,,,,,,,,
1127670,2018,2018-09-24,"County Ground, New Road, Worcester",3,49.1,49.1,Worcestershire,Yorkshire,WD Parnell,DY Pennington,TT Bresnan,0,0,,,,,,,,,,,,,
1127670,2018,2018-09-24,"County Ground, New Road, Worcester",3,49.2,49.2,Worcestershire,Yorkshire,WD Parnell,DY Pennington,TT Bresnan,0,0,,,,,,,,,,,,,
1127670,2018,2018-09-24,"County Ground, New Road, Worcester",3,49.3,49.3,Worcestershire,Yorkshire,WD Parnell,DY Pennington,TT Bresnan,1,0,,,,,,,,,,,,,
1127670,2018,2018-09-24,"County Ground, New Road, Worcester",3,49.4,49.4,Worcestershire,Yorkshire,DY Pennington,WD Parnell,TT Bresnan,0,0,,,,,,,,,,,,,
1127670,2018,2018-09-24,"County Ground, New Road, Worcester",3,49.5,49.5,Worcestershire,Yorkshire,DY Pennington,WD Parnell,TT Bresnan,0,0,,,,,,,,,,,,,
1127670,2018,2018-09-24,"County Ground, New Road, Worcester",3,49.6,49.6,Worcestershire,Yorkshire,DY Pennington,WD Parnell,TT Bresnan,0,0,,,,,,,bowled,DY Pennington,,,,,
1127670,2018,2018-09-24,"County Ground, New Road, Worcester",4,0.1,0.1,Yorkshire,Worcestershire,A Lyth,JA Raval,EG Barnard,0,0,,,,,,,,,,,,,
1127670,2018,2018-09-24,"County Ground, New Road, Worcester",4,0.2,0.2,Yorkshire,Worcestershire,A Lyth,JA Raval,EG Barnard,0,0,,,,,,,,,,,,,
1127670,2018,2018-09-24,"County Ground, New Road, Worcester",4,0.3,0.3,Yorkshire,Worcestershire,A Lyth,JA Raval,EG Barnard,0,0,,,,,,,,,,,,,
1127670,2018,2018-09-24,"County Ground, New Road, Worcester",4,0.4,0.4,Yorkshire,Worcestershire,A Lyth,JA Raval,EG Barnard,0,0,,,,,,,,,,,,,
1127670,2018,2018-09-24,"County Ground, New Road, Worcester",4,0.5,0.5,Yorkshire,Worcestershire,A Lyth,JA Raval,EG Barnard,0,1,,,,1,,,,,,,,,
1127670,2018,2018-09-24,"County Ground, New Road, Worcester",4,0.6,0.6,Yorkshire,Worcestershire,JA Raval,A Lyth,EG Barnard,0,0,,,,,,,,,,,,,
1127670,2018,2018-09-24,"County Ground, New Road, Worcester",4,1.1,1.1,Yorkshire,Worcestershire,A Lyth,JA Raval,DY Pennington,0,0,,,,,,,,,,,,,
1127670,2018,2018-09-24,"County Ground, New Road, Worcester",4,1.2,1.2,Yorkshire,Worcestershire,A Lyth,JA Raval,DY Pennington,0,0,,,,,,,,,,,,,
1127670,2018,2018-09-24,"County Ground, New Road, Worcester",4,1.3,1.3,Yorkshire,Worcestershire,A Lyth,JA Raval,DY Pennington,0,0,,,,,,,,,,,,,
1127670,2018,2018-09-24,"County Ground, New Road, Worcester",4,1.4,1.4,Yorkshire,Worcestershire,A Lyth,JA Raval,DY Pennington,0,1,1,,,,,,,,,,,,
1127670,2018,2018-09-24,"County Ground, New Road, Worcester",4,1.5,1.4,Yorkshire,Worcestershire,A Lyth,JA Raval,DY Pennington,0,0,,,,,,,,,,,,,
1127670,2018,2018-09-24,"County Ground, New Road, Worcester",4,1.6,1.5,Yorkshire,Worcestershire,A Lyth,JA Raval,DY Pennington,0,0,,,,,,,,,,,,,
1127670,2018,2018-09-24,"County Ground, New Road, Worcester",4,1.7,1.6,Yorkshire,Worcestershire,A Lyth,JA Raval,DY Pennington,0,0,,,,,,,,,,,,,
1127670,2018,2018-09-24,"County Ground, New Road, Worcester",4,2.1,2.1,Yorkshire,Worcestershire,JA Raval,A Lyth,EG Barnard,0,0,,,,,,,,,,,,,
1127670,2018,2018-09-24,"County Ground, New Road, Worcester",4,2.2,2.2,Yorkshire,Worcestershire,JA Raval,A Lyth,EG Barnard,0,0,,,,,,,,,,,,,
1127670,2018,2018-09-24,"County Ground, New Road, Worcester",4,2.3,2.3,Yorkshire,Worcestershire,JA Raval,A Lyth,EG Barnard,0,0,,,,,,,,,,,,,
1127670,2018,2018-09-24,"County Ground, New Road, Worcester",4,2.4,2.4,Yorkshire,Worcestershire,JA Raval,A Lyth,EG Barnard,1,0,,,,,,,,,,,,,
1127670,2018,2018-09-24,"County Ground, New Road, Worcester",4,2.5,2.5,Yorkshire,Worcestershire,A Lyth,JA Raval,EG Barnard,1,0,,,,,,,,,,,,,
1127670,2018,2018-09-24,"County Ground, New Road, Worcester",4,2.6,2.6,Yorkshire,Worcestershire,JA Raval,A Lyth,EG Barnard,0,0,,,,,,,,,,,,,
1127670,2018,2018-09-24,"County Ground, New Road, Worcester",4,3.1,3.1,Yorkshire,Worcestershire,A Lyth,JA Raval,DY Pennington,0,0,,,,,,,,,,,,,
1127670,2018,2018-09-24,"County Ground, New Road, Worcester",4,3.2,3.2,Yorkshire,Worcestershire,A Lyth,JA Raval,DY Pennington,1,0,,,,,,,,,,,,,
1127670,2018,2018-09-24,"County Ground, New Road, Worcester",4,3.3,3.3,Yorkshire,Worcestershire,JA Raval,A Lyth,DY Pennington,0,0,,,,,,,,,,,,,
1127670,2018,2018-09-24,"County Ground, New Road, Worcester",4,3.4,3.4,Yorkshire,Worcestershire,JA Raval,A Lyth,DY Pennington,4,0,,,,,,,,,,,,,
1127670,2018,2018-09-24,"County Ground, New Road, Worcester",4,3.5,3.5,Yorkshire,Worcestershire,JA Raval,A Lyth,DY Pennington,0,0,,,,,,,,,,,,,
1127670,2018,2018-09-24,"County Ground, New Road, Worcester",4,3.6,3.6,Yorkshire,Worcestershire,JA Raval,A Lyth,DY Pennington,0,0,,,,,,,,,,,,,
1127670,2018,2018-09-24,"County Ground, New Road, Worcester",4,4.1,4.1,Yorkshire,Worcestershire,A Lyth,JA Raval,EG Barnard,1,0,,,,,,,,,,,,,
1127670,2018,2018-09-24,"County Ground, New Road, Worcester",4,4.2,4.2,Yorkshire,Worcestershire,JA Raval,A Lyth,EG Barnard,1,0,,,,,,,,,,,,,
1127670,2018,2018-09-24,"County Ground, New Road, Worcester",4,4.3,4.3,Yorkshire,Worcestershire,A Lyth,JA Raval,EG Barnard,0,0,,,,,,,,,,,,,
1127670,2018,2018-09-24,"County Ground, New Road, Worcester",4,4.4,4.4,Yorkshire,Worcestershire,A Lyth,JA Raval,EG Barnard,0,0,,,,,,,,,,,,,
1127670,2018,2018-09-24,"County Ground, New Road, Worcester",4,4.5,4.5,Yorkshire,Worcestershire,A Lyth,JA Raval,EG Barnard,3,0,,,,,,,,,,,,,
1127670,2018,2018-09-24,"County Ground, New Road, Worcester",4,4.6,4.6,Yorkshire,Worcestershire,JA Raval,A Lyth,EG Barnard,0,0,,,,,,,,,,,,,
1127670,2018,2018-09-24,"County Ground, New Road, Worcester",4,5.1,5.1,Yorkshire,Worcestershire,A Lyth,JA Raval,DY Pennington,4,0,,,,,,,,,,,,,
1127670,2018,2018-09-24,"County Ground, New Road, Worcester",4,5.2,5.2,Yorkshire,Worcestershire,A Lyth,JA Raval,DY Pennington,0,0,,,,,,,,,,,,,
1127670,2018,2018-09-24,"County Ground, New Road, Worcester",4,5.3,5.3,Yorkshire,Worcestershire,A Lyth,JA Raval,DY Pennington,0,0,,,,,,,,,,,,,
1127670,2018,2018-09-24,"County Ground, New Road, Worcester",4,5.4,5.4,Yorkshire,Worcestershire,A Lyth,JA Raval,DY Pennington,4,2,,2,,,,,,,,,,,
1127670,2018,2018-09-24,"County Ground, New Road, Worcester",4,5.5,5.4,Yorkshire,Worcestershire,A Lyth,JA Raval,DY Pennington,0,2,,2,,,,,,,,,,,
1127670,2018,2018-09-24,"County Ground, New Road, Worcester",4,5.6,5.4,Yorkshire,Worcestershire,A Lyth,JA Raval,DY Pennington,1,0,,,,,,,,,,,,,
1127670,2018,2018-09-24,"County Ground, New Road, Worcester",4,5.7,5.5,Yorkshire,Worcestershire,JA Raval,A Lyth,DY Pennington,0,0,,,,,,,,,,,,,
1127670,2018,2018-09-24,"County Ground, New Road, Worcester",4,5.8,5.6,Yorkshire,Worcestershire,JA Raval,A Lyth,DY Pennington,0,0,,,,,,,,,,,,,
1127670,2018,2018-09-24,"County Ground, New Road, Worcester",4,6.1,6.1,Yorkshire,Worcestershire,A Lyth,JA Raval,EG Barnard,0,0,,,,,,,,,,,,,
1127670,2018,2018-09-24,"County Ground, New Road, Worcester",4,6.2,6.2,Yorkshire,Worcestershire,A Lyth,JA Raval,EG Barnard,0,0,,,,,,,,,,,,,
1127670,2018,2018-09-24,"County Ground, New Road, Worcester",4,6.3,6.3,Yorkshire,Worcestershire,A Lyth,JA Raval,EG Barnard,0,0,,,,,,,,,,,,,
1127670,2018,2018-09-24,"County Ground, New Road, Worcester",4,6.4,6.4,Yorkshire,Worcestershire,A Lyth,JA Raval,EG Barnard,0,0,,,,,,,,,,,,,
1127670,2018,2018-09-24,"County Ground, New Road, Worcester",4,6.5,6.5,Yorkshire,Worcestershire,A Lyth,JA Raval,EG Barnard,0,0,,,,,,,,,,,,,
1127670,2018,2018-09-24,"County Ground, New Road, Worcester",4,6.6,6.6,Yorkshire,Worcestershire,A Lyth,JA Raval,EG Barnard,0,0,,,,,,,,,,,,,
1127670,2018,2018-09-24,"County Ground, New Road, Worcester",4,7.1,7.1,Yorkshire,Worcestershire,JA Raval,A Lyth,DY Pennington,0,0,,,,,,,,,,,,,
1127670,2018,2018-09-24,"County Ground, New Road, Worcester",4,7.2,7.2,Yorkshire,Worcestershire,JA Raval,A Lyth,DY Pennington,2,0,,,,,,,,,,,,,
1127670,2018,2018-09-24,"County Ground, New Road, Worcester",4,7.3,7.3,Yorkshire,Worcestershire,JA Raval,A Lyth,DY Pennington,0,0,,,,,,,,,,,,,
1127670,2018,2018-09-24,"County Ground, New Road, Worcester",4,7.4,7.4,Yorkshire,Worcestershire,JA Raval,A Lyth,DY Pennington,4,0,,,,,,,,,,,,,
1127670,2018,2018-09-24,"County Ground, New Road, Worcester",4,7.5,7.5,Yorkshire,Worcestershire,JA Raval,A Lyth,DY Pennington,0,0,,,,,,,,,,,,,
1127670,2018,2018-09-24,"County Ground, New Road, Worcester",4,7.6,7.6,Yorkshire,Worcestershire,JA Raval,A Lyth,DY Pennington,0,0,,,,,,,,,,,,,
1127670,2018,2018-09-24,"County Ground, New Road, Worcester",4,8.1,8.1,Yorkshire,Worcestershire,A Lyth,JA Raval,EG Barnard,0,0,,,,,,,,,,,,,
1127670,2018,2018-09-24,"County Ground, New Road, Worcester",4,8.2,8.2,Yorkshire,Worcestershire,A Lyth,JA Raval,EG Barnard,1,0,,,,,,,,,,,,,
1127670,2018,2018-09-24,"County Ground, New Road, Worcester",4,8.3,8.3,Yorkshire,Worcestershire,JA Raval,A Lyth,EG Barnard,0,0,,,,,,,,,,,,,
1127670,2018,2018-09-24,"County Ground, New Road, Worcester",4,8.4,8.4,Yorkshire,Worcestershire,JA Raval,A Lyth,EG Barnard,0,0,,,,,,,,,,,,,
1127670,2018,2018-09-24,"County Ground, New Road, Worcester",4,8.5,8.5,Yorkshire,Worcestershire,JA Raval,A Lyth,EG Barnard,1,0,,,,,,,,,,,,,
1127670,2018,2018-09-24,"County Ground, New Road, Worcester",4,8.6,8.6,Yorkshire,Worcestershire,A Lyth,JA Raval,EG Barnard,4,0,,,,,,,,,,,,,
1127670,2018,2018-09-24,"County Ground, New Road, Worcester",4,9.1,9.1,Yorkshire,Worcestershire,JA Raval,A Lyth,DY Pennington,0,0,,,,,,,bowled,JA Raval,,,,,
1127670,2018,2018-09-24,"County Ground, New Road, Worcester",4,9.2,9.2,Yorkshire,Worcestershire,JA Leaning,A Lyth,DY Pennington,0,0,,,,,,,,,,,,,
1127670,2018,2018-09-24,"County Ground, New Road, Worcester",4,9.3,9.3,Yorkshire,Worcestershire,JA Leaning,A Lyth,DY Pennington,4,0,,,,,,,,,,,,,
1127670,2018,2018-09-24,"County Ground, New Road, Worcester",4,9.4,9.4,Yorkshire,Worcestershire,JA Leaning,A Lyth,DY Pennington,0,0,,,,,,,,,,,,,
1127670,2018,2018-09-24,"County Ground, New Road, Worcester",4,9.5,9.5,Yorkshire,Worcestershire,JA Leaning,A Lyth,DY Pennington,0,0,,,,,,,,,,,,,
1127670,2018,2018-09-24,"County Ground, New Road, Worcester",4,9.6,9.6,Yorkshire,Worcestershire,JA Leaning,A Lyth,DY Pennington,0,0,,,,,,,,,,,,,
1127670,2018,2018-09-24,"County Ground, New Road, Worcester",4,10.1,10.1,Yorkshire,Worcestershire,A Lyth,JA Leaning,EG Barnard,0,4,,,,4,,,,,,,,,
1127670,2018,2018-09-24,"County Ground, New Road, Worcester",4,10.2,10.2,Yorkshire,Worcestershire,A Lyth,JA Leaning,EG Barnard,0,0,,,,,,,,,,,,,
1127670,2018,2018-09-24,"County Ground, New Road, Worcester",4,10.3,10.3,Yorkshire,Worcestershire,A Lyth,JA Leaning,EG Barnard,0,0,,,,,,,caught and bowled,A Lyth,,,,,
1127670,2018,2018-09-24,"County Ground, New Road, Worcester",4,10.4,10.4,Yorkshire,Worcestershire,GS Ballance,JA Leaning,EG Barnard,1,0,,,,,,,,,,,,,
1127670,2018,2018-09-24,"County Ground, New Road, Worcester",4,10.5,10.5,Yorkshire,Worcestershire,JA Leaning,GS Ballance,EG Barnard,0,0,,,,,,,,,,,,,
1127670,2018,2018-09-24,"County Ground, New Road, Worcester",4,10.6,10.6,Yorkshire,Worcestershire,JA Leaning,GS Ballance,EG Barnard,0,0,,,,,,,,,,,,,
1127670,2018,2018-09-24,"County Ground, New Road, Worcester",4,11.1,11.1,Yorkshire,Worcestershire,GS Ballance,JA Leaning,DY Pennington,0,0,,,,,,,,,,,,,
1127670,2018,2018-09-24,"County Ground, New Road, Worcester",4,11.2,11.2,Yorkshire,Worcestershire,GS Ballance,JA Leaning,DY Pennington,0,0,,,,,,,,,,,,,
1127670,2018,2018-09-24,"County Ground, New Road, Worcester",4,11.3,11.3,Yorkshire,Worcestershire,GS Ballance,JA Leaning,DY Pennington,0,0,,,,,,,,,,,,,
1127670,2018,2018-09-24,"County Ground, New Road, Worcester",4,11.4,11.4,Yorkshire,Worcestershire,GS Ballance,JA Leaning,DY Pennington,0,0,,,,,,,,,,,,,
1127670,2018,2018-09-24,"County Ground, New Road, Worcester",4,11.5,11.5,Yorkshire,Worcestershire,GS Ballance,JA Leaning,DY Pennington,0,0,,,,,,,,,,,,,
1127670,2018,2018-09-24,"County Ground, New Road, Worcester",4,11.6,11.6,Yorkshire,Worcestershire,GS Ballance,JA Leaning,DY Pennington,0,0,,,,,,,,,,,,,
1127670,2018,2018-09-24,"County Ground, New Road, Worcester",4,12.1,12.1,Yorkshire,Worcestershire,JA Leaning,GS Ballance,EG Barnard,0,0,,,,,,,,,,,,,
1127670,2018,2018-09-24,"County Ground, New Road, Worcester",4,12.2,12.2,Yorkshire,Worcestershire,JA Leaning,GS Ballance,EG Barnard,0,0,,,,,,,,,,,,,
1127670,2018,2018-09-24,"County Ground, New Road, Worcester",4,12.3,12.3,Yorkshire,Worcestershire,JA Leaning,GS Ballance,EG Barnard,0,0,,,,,,,,,,,,,
1127670,2018,2018-09-24,"County Ground, New Road, Worcester",4,12.4,12.4,Yorkshire,Worcestershire,JA Leaning,GS Ballance,EG Barnard,0,0,,,,,,,,,,,,,
1127670,2018,2018-09-24,"County Ground, New Road, Worcester",4,12.5,12.5,Yorkshire,Worcestershire,JA Leaning,GS Ballance,EG Barnard,0,0,,,,,,,,,,,,,
1127670,2018,2018-09-24,"County Ground, New Road, Worcester",4,12.6,12.6,Yorkshire,Worcestershire,JA Leaning,GS Ballance,EG Barnard,0,0,,,,,,,,,,,,,
1127670,2018,2018-09-24,"County Ground, New Road, Worcester",4,13.1,13.1,Yorkshire,Worcestershire,GS Ballance,JA Leaning,DY Pennington,1,0,,,,,,,,,,,,,
1127670,2018,2018-09-24,"County Ground, New Road, Worcester",4,13.2,13.2,Yorkshire,Worcestershire,JA Leaning,GS Ballance,DY Pennington,1,0,,,,,,,,,,,,,
1127670,2018,2018-09-24,"County Ground, New Road, Worcester",4,13.3,13.3,Yorkshire,Worcestershire,GS Ballance,JA Leaning,DY Pennington,0,0,,,,,,,,,,,,,
1127670,2018,2018-09-24,"County Ground, New Road, Worcester",4,13.4,13.4,Yorkshire,Worcestershire,GS Ballance,JA Leaning,DY Pennington,0,0,,,,,,,,,,,,,
1127670,2018,2018-09-24,"County Ground, New Road, Worcester",4,13.5,13.5,Yorkshire,Worcestershire,GS Ballance,JA Leaning,DY Pennington,0,0,,,,,,,,,,,,,
1127670,2018,2018-09-24,"County Ground, New Road, Worcester",4,13.6,13.6,Yorkshire,Worcestershire,GS Ballance,JA Leaning,DY Pennington,0,0,,,,,,,,,,,,,
1127670,2018,2018-09-24,"County Ground, New Road, Worcester",4,14.1,14.1,Yorkshire,Worcestershire,JA Leaning,GS Ballance,EG Barnard,0,0,,,,,,,,,,,,,
1127670,2018,2018-09-24,"County Ground, New Road, Worcester",4,14.2,14.2,Yorkshire,Worcestershire,JA Leaning,GS Ballance,EG Barnard,0,1,,,,1,,,,,,,,,
1127670,2018,2018-09-24,"County Ground, New Road, Worcester",4,14.3,14.3,Yorkshire,Worcestershire,GS Ballance,JA Leaning,EG Barnard,0,0,,,,,,,,,,,,,
1127670,2018,2018-09-24,"County Ground, New Road, Worcester",4,14.4,14.4,Yorkshire,Worcestershire,GS Ballance,JA Leaning,EG Barnard,2,0,,,,,,,,,,,,,
1127670,2018,2018-09-24,"County Ground, New Road, Worcester",4,14.5,14.5,Yorkshire,Worcestershire,GS Ballance,JA Leaning,EG Barnard,0,0,,,,,,,,,,,,,
1127670,2018,2018-09-24,"County Ground, New Road, Worcester",4,14.6,14.6,Yorkshire,Worcestershire,GS Ballance,JA Leaning,EG Barnard,0,0,,,,,,,,,,,,,
1127670,2018,2018-09-24,"County Ground, New Road, Worcester",4,15.1,15.1,Yorkshire,Worcestershire,JA Leaning,GS Ballance,MM Ali,0,0,,,,,,,,,,,,,
1127670,2018,2018-09-24,"County Ground, New Road, Worcester",4,15.2,15.2,Yorkshire,Worcestershire,JA Leaning,GS Ballance,MM Ali,0,0,,,,,,,,,,,,,
1127670,2018,2018-09-24,"County Ground, New Road, Worcester",4,15.3,15.3,Yorkshire,Worcestershire,JA Leaning,GS Ballance,MM Ali,0,0,,,,,,,,,,,,,
1127670,2018,2018-09-24,"County Ground, New Road, Worcester",4,15.4,15.4,Yorkshire,Worcestershire,JA Leaning,GS Ballance,MM Ali,0,0,,,,,,,,,,,,,
1127670,2018,2018-09-24,"County Ground, New Road, Worcester",4,15.5,15.5,Yorkshire,Worcestershire,JA Leaning,GS Ballance,MM Ali,0,0,,,,,,,,,,,,,
1127670,2018,2018-09-24,"County Ground, New Road, Worcester",4,15.6,15.6,Yorkshire,Worcestershire,JA Leaning,GS Ballance,MM Ali,0,0,,,,,,,,,,,,,
1127670,2018,2018-09-24,"County Ground, New Road, Worcester",4,16.1,16.1,Yorkshire,Worcestershire,GS Ballance,JA Leaning,EG Barnard,2,0,,,,,,,,,,,,,
1127670,2018,2018-09-24,"County Ground, New Road, Worcester",4,16.2,16.2,Yorkshire,Worcestershire,GS Ballance,JA Leaning,EG Barnard,0,1,,,,1,,,,,,,,,
1127670,2018,2018-09-24,"County Ground, New Road, Worcester",4,16.3,16.3,Yorkshire,Worcestershire,JA Leaning,GS Ballance,EG Barnard,0,0,,,,,,,,,,,,,
1127670,2018,2018-09-24,"County Ground, New Road, Worcester",4,16.4,16.4,Yorkshire,Worcestershire,JA Leaning,GS Ballance,EG Barnard,0,0,,,,,,,,,,,,,
1127670,2018,2018-09-24,"County Ground, New Road, Worcester",4,16.5,16.5,Yorkshire,Worcestershire,JA Leaning,GS Ballance,EG Barnard,0,0,,,,,,,,,,,,,
1127670,2018,2018-09-24,"County Ground, New Road, Worcester",4,16.6,16.6,Yorkshire,Worcestershire,JA Leaning,GS Ballance,EG Barnard,0,0,,,,,,,,,,,,,
1127670,2018,2018-09-24,"County Ground, New Road, Worcester",4,17.1,17.1,Yorkshire,Worcestershire,GS Ballance,JA Leaning,MM Ali,0,0,,,,,,,,,,,,,
1127670,2018,2018-09-24,"County Ground, New Road, Worcester",4,17.2,17.2,Yorkshire,Worcestershire,GS Ballance,JA Leaning,MM Ali,4,0,,,,,,,,,,,,,
1127670,2018,2018-09-24,"County Ground, New Road, Worcester",4,17.3,17.3,Yorkshire,Worcestershire,GS Ballance,JA Leaning,MM Ali,4,0,,,,,,,,,,,,,
1127670,2018,2018-09-24,"County Ground, New Road, Worcester",4,17.4,17.4,Yorkshire,Worcestershire,GS Ballance,JA Leaning,MM Ali,4,0,,,,,,,,,,,,,
1127670,2018,2018-09-24,"County Ground, New Road, Worcester",4,17.5,17.5,Yorkshire,Worcestershire,GS Ballance,JA Leaning,MM Ali,0,0,,,,,,,,,,,,,
1127670,2018,2018-09-24,"County Ground, New Road, Worcester",4,17.6,17.6,Yorkshire,Worcestershire,GS Ballance,JA Leaning,MM Ali,1,0,,,,,,,,,,,,,
1127670,2018,2018-09-24,"County Ground, New Road, Worcester",4,18.1,18.1,Yorkshire,Worcestershire,GS Ballance,JA Leaning,BJ Twohig,0,0,,,,,,,,,,,,,
1127670,2018,2018-09-24,"County Ground, New Road, Worcester",4,18.2,18.2,Yorkshire,Worcestershire,GS Ballance,JA Leaning,BJ Twohig,0,0,,,,,,,,,,,,,
1127670,2018,2018-09-24,"County Ground, New Road, Worcester",4,18.3,18.3,Yorkshire,Worcestershire,GS Ballance,JA Leaning,BJ Twohig,1,0,,,,,,,,,,,,,
1127670,2018,2018-09-24,"County Ground, New Road, Worcester",4,18.4,18.4,Yorkshire,Worcestershire,JA Leaning,GS Ballance,BJ Twohig,0,0,,,,,,,,,,,,,
1127670,2018,2018-09-24,"County Ground, New Road, Worcester",4,18.5,18.5,Yorkshire,Worcestershire,JA Leaning,GS Ballance,BJ Twohig,0,0,,,,,,,,,,,,,
1127670,2018,2018-09-24,"County Ground, New Road, Worcester",4,18.6,18.6,Yorkshire,Worcestershire,JA Leaning,GS Ballance,BJ Twohig,0,0,,,,,,,,,,,,,
1127670,2018,2018-09-24,"County Ground, New Road, Worcester",4,19.1,19.1,Yorkshire,Worcestershire,GS Ballance,JA Leaning,MM Ali,0,0,,,,,,,,,,,,,
1127670,2018,2018-09-24,"County Ground, New Road, Worcester",4,19.2,19.2,Yorkshire,Worcestershire,GS Ballance,JA Leaning,MM Ali,4,0,,,,,,,,,,,,,
1127670,2018,2018-09-24,"County Ground, New Road, Worcester",4,19.3,19.3,Yorkshire,Worcestershire,GS Ballance,JA Leaning,MM Ali,0,0,,,,,,,,,,,,,
1127670,2018,2018-09-24,"County Ground, New Road, Worcester",4,19.4,19.4,Yorkshire,Worcestershire,GS Ballance,JA Leaning,MM Ali,1,0,,,,,,,,,,,,,
1127670,2018,2018-09-24,"County Ground, New Road, Worcester",4,19.5,19.5,Yorkshire,Worcestershire,JA Leaning,GS Ballance,MM Ali,3,0,,,,,,,,,,,,,
1127670,2018,2018-09-24,"County Ground, New Road, Worcester",4,19.6,19.6,Yorkshire,Worcestershire,GS Ballance,JA Leaning,MM Ali,4,0,,,,,,,,,,,,,
1127670,2018,2018-09-24,"County Ground, New Road, Worcester",4,20.1,20.1,Yorkshire,Worcestershire,JA Leaning,GS Ballance,BJ Twohig,0,0,,,,,,,,,,,,,
1127670,2018,2018-09-24,"County Ground, New Road, Worcester",4,20.2,20.2,Yorkshire,Worcestershire,JA Leaning,GS Ballance,BJ Twohig,0,0,,,,,,,,,,,,,
1127670,2018,2018-09-24,"County Ground, New Road, Worcester",4,20.3,20.3,Yorkshire,Worcestershire,JA Leaning,GS Ballance,BJ Twohig,0,0,,,,,,,,,,,,,
1127670,2018,2018-09-24,"County Ground, New Road, Worcester",4,20.4,20.4,Yorkshire,Worcestershire,JA Leaning,GS Ballance,BJ Twohig,4,0,,,,,,,,,,,,,
1127670,2018,2018-09-24,"County Ground, New Road, Worcester",4,20.5,20.5,Yorkshire,Worcestershire,JA Leaning,GS Ballance,BJ Twohig,0,0,,,,,,,,,,,,,
1127670,2018,2018-09-24,"County Ground, New Road, Worcester",4,20.6,20.6,Yorkshire,Worcestershire,JA Leaning,GS Ballance,BJ Twohig,0,0,,,,,,,,,,,,,
1127670,2018,2018-09-24,"County Ground, New Road, Worcester",4,21.1,21.1,Yorkshire,Worcestershire,GS Ballance,JA Leaning,MM Ali,1,0,,,,,,,,,,,,,
1127670,2018,2018-09-24,"County Ground, New Road, Worcester",4,21.2,21.2,Yorkshire,Worcestershire,JA Leaning,GS Ballance,MM Ali,0,0,,,,,,,,,,,,,
1127670,2018,2018-09-24,"County Ground, New Road, Worcester",4,21.3,21.3,Yorkshire,Worcestershire,JA Leaning,GS Ballance,MM Ali,0,0,,,,,,,,,,,,,
1127670,2018,2018-09-24,"County Ground, New Road, Worcester",4,21.4,21.4,Yorkshire,Worcestershire,JA Leaning,GS Ballance,MM Ali,0,0,,,,,,,,,,,,,
1127670,2018,2018-09-24,"County Ground, New Road, Worcester",4,21.5,21.5,Yorkshire,Worcestershire,JA Leaning,GS Ballance,MM Ali,0,0,,,,,,,,,,,,,
1127670,2018,2018-09-24,"County Ground, New Road, Worcester",4,21.6,21.6,Yorkshire,Worcestershire,JA Leaning,GS Ballance,MM Ali,0,0,,,,,,,,,,,,,
1127670,2018,2018-09-24,"County Ground, New Road, Worcester",4,22.1,22.1,Yorkshire,Worcestershire,GS Ballance,JA Leaning,BJ Twohig,4,0,,,,,,,,,,,,,
1127670,2018,2018-09-24,"County Ground, New Road, Worcester",4,22.2,22.2,Yorkshire,Worcestershire,GS Ballance,JA Leaning,BJ Twohig,0,0,,,,,,,,,,,,,
1127670,2018,2018-09-24,"County Ground, New Road, Worcester",4,22.3,22.3,Yorkshire,Worcestershire,GS Ballance,JA Leaning,BJ Twohig,0,0,,,,,,,,,,,,,
1127670,2018,2018-09-24,"County Ground, New Road, Worcester",4,22.4,22.4,Yorkshire,Worcestershire,GS Ballance,JA Leaning,BJ Twohig,0,0,,,,,,,,,,,,,
1127670,2018,2018-09-24,"County Ground, New Road, Worcester",4,22.5,22.5,Yorkshire,Worcestershire,GS Ballance,JA Leaning,BJ Twohig,0,0,,,,,,,,,,,,,
1127670,2018,2018-09-24,"County Ground, New Road, Worcester",4,22.6,22.6,Yorkshire,Worcestershire,GS Ballance,JA Leaning,BJ Twohig,3,0,,,,,,,,,,,,,
1127670,2018,2018-09-24,"County Ground, New Road, Worcester",4,23.1,23.1,Yorkshire,Worcestershire,GS Ballance,JA Leaning,MM Ali,0,0,,,,,,,,,,,,,
1127670,2018,2018-09-24,"County Ground, New Road, Worcester",4,23.2,23.2,Yorkshire,Worcestershire,GS Ballance,JA Leaning,MM Ali,0,0,,,,,,,,,,,,,
1127670,2018,2018-09-24,"County Ground, New Road, Worcester",4,23.3,23.3,Yorkshire,Worcestershire,GS Ballance,JA Leaning,MM Ali,0,0,,,,,,,,,,,,,
1127670,2018,2018-09-24,"County Ground, New Road, Worcester",4,23.4,23.4,Yorkshire,Worcestershire,GS Ballance,JA Leaning,MM Ali,4,0,,,,,,,,,,,,,
1127670,2018,2018-09-24,"County Ground, New Road, Worcester",4,23.5,23.5,Yorkshire,Worcestershire,GS Ballance,JA Leaning,MM Ali,0,0,,,,,,,,,,,,,
1127670,2018,2018-09-24,"County Ground, New Road, Worcester",4,23.6,23.6,Yorkshire,Worcestershire,GS Ballance,JA Leaning,MM Ali,0,0,,,,,,,,,,,,,
1127670,2018,2018-09-24,"County Ground, New Road, Worcester",4,24.1,24.1,Yorkshire,Worcestershire,JA Leaning,GS Ballance,BJ Twohig,0,0,,,,,,,,,,,,,
1127670,2018,2018-09-24,"County Ground, New Road, Worcester",4,24.2,24.2,Yorkshire,Worcestershire,JA Leaning,GS Ballance,BJ Twohig,0,0,,,,,,,,,,,,,
1127670,2018,2018-09-24,"County Ground, New Road, Worcester",4,24.3,24.3,Yorkshire,Worcestershire,JA Leaning,GS Ballance,BJ Twohig,0,0,,,,,,,,,,,,,
1127670,2018,2018-09-24,"County Ground, New Road, Worcester",4,24.4,24.4,Yorkshire,Worcestershire,JA Leaning,GS Ballance,BJ Twohig,0,0,,,,,,,,,,,,,
1127670,2018,2018-09-24,"County Ground, New Road, Worcester",4,24.5,24.5,Yorkshire,Worcestershire,JA Leaning,GS Ballance,BJ Twohig,0,0,,,,,,,,,,,,,
1127670,2018,2018-09-24,"County Ground, New Road, Worcester",4,24.6,24.6,Yorkshire,Worcestershire,JA Leaning,GS Ballance,BJ Twohig,4,0,,,,,,,,,,,,,
1127670,2018,2018-09-24,"County Ground, New Road, Worcester",4,25.1,25.1,Yorkshire,Worcestershire,GS Ballance,JA Leaning,MM Ali,1,0,,,,,,,,,,,,,
1127670,2018,2018-09-24,"County Ground, New Road, Worcester",4,25.2,25.2,Yorkshire,Worcestershire,JA Leaning,GS Ballance,MM Ali,0,0,,,,,,,,,,,,,
1127670,2018,2018-09-24,"County Ground, New Road, Worcester",4,25.3,25.3,Yorkshire,Worcestershire,JA Leaning,GS Ballance,MM Ali,0,0,,,,,,,,,,,,,
1127670,2018,2018-09-24,"County Ground, New Road, Worcester",4,25.4,25.4,Yorkshire,Worcestershire,JA Leaning,GS Ballance,MM Ali,0,0,,,,,,,,,,,,,
1127670,2018,2018-09-24,"County Ground, New Road, Worcester",4,25.5,25.5,Yorkshire,Worcestershire,JA Leaning,GS Ballance,MM Ali,0,0,,,,,,,,,,,,,
1127670,2018,2018-09-24,"County Ground, New Road, Worcester",4,25.6,25.6,Yorkshire,Worcestershire,JA Leaning,GS Ballance,MM Ali,0,0,,,,,,,,,,,,,
1127670,2018,2018-09-24,"County Ground, New Road, Worcester",4,26.1,26.1,Yorkshire,Worcestershire,GS Ballance,JA Leaning,EG Barnard,0,0,,,,,,,,,,,,,
1127670,2018,2018-09-24,"County Ground, New Road, Worcester",4,26.2,26.2,Yorkshire,Worcestershire,GS Ballance,JA Leaning,EG Barnard,0,2,,2,,,,,,,,,,,
1127670,2018,2018-09-24,"County Ground, New Road, Worcester",4,26.3,26.2,Yorkshire,Worcestershire,GS Ballance,JA Leaning,EG Barnard,0,0,,,,,,,,,,,,,
1127670,2018,2018-09-24,"County Ground, New Road, Worcester",4,26.4,26.3,Yorkshire,Worcestershire,GS Ballance,JA Leaning,EG Barnard,0,0,,,,,,,,,,,,,
1127670,2018,2018-09-24,"County Ground, New Road, Worcester",4,26.5,26.4,Yorkshire,Worcestershire,GS Ballance,JA Leaning,EG Barnard,0,0,,,,,,,,,,,,,
1127670,2018,2018-09-24,"County Ground, New Road, Worcester",4,26.6,26.5,Yorkshire,Worcestershire,GS Ballance,JA Leaning,EG Barnard,1,0,,,,,,,,,,,,,
1127670,2018,2018-09-24,"County Ground, New Road, Worcester",4,26.7,26.6,Yorkshire,Worcestershire,JA Leaning,GS Ballance,EG Barnard,0,0,,,,,,,,,,,,,
1127670,2018,2018-09-24,"County Ground, New Road, Worcester",4,27.1,27.1,Yorkshire,Worcestershire,GS Ballance,JA Leaning,BJ Twohig,4,0,,,,,,,,,,,,,
1127670,2018,2018-09-24,"County Ground, New Road, Worcester",4,27.2,27.2,Yorkshire,Worcestershire,GS Ballance,JA Leaning,BJ Twohig,2,0,,,,,,,,,,,,,
1127670,2018,2018-09-24,"County Ground, New Road, Worcester",4,27.3,27.3,Yorkshire,Worcestershire,GS Ballance,JA Leaning,BJ Twohig,4,0,,,,,,,,,,,,,
1127670,2018,2018-09-24,"County Ground, New Road, Worcester",4,27.4,27.4,Yorkshire,Worcestershire,GS Ballance,JA Leaning,BJ Twohig,0,0,,,,,,,,,,,,,
1127670,2018,2018-09-24,"County Ground, New Road, Worcester",4,27.5,27.5,Yorkshire,Worcestershire,GS Ballance,JA Leaning,BJ Twohig,2,0,,,,,,,,,,,,,
1127670,2018,2018-09-24,"County Ground, New Road, Worcester",4,27.6,27.6,Yorkshire,Worcestershire,GS Ballance,JA Leaning,BJ Twohig,0,0,,,,,,,,,,,,,
1127670,2018,2018-09-24,"County Ground, New Road, Worcester",4,28.1,28.1,Yorkshire,Worcestershire,JA Leaning,GS Ballance,EG Barnard,0,0,,,,,,,,,,,,,
1127670,2018,2018-09-24,"County Ground, New Road, Worcester",4,28.2,28.2,Yorkshire,Worcestershire,JA Leaning,GS Ballance,EG Barnard,1,0,,,,,,,,,,,,,
1127670,2018,2018-09-24,"County Ground, New Road, Worcester",4,28.3,28.3,Yorkshire,Worcestershire,GS Ballance,JA Leaning,EG Barnard,0,0,,,,,,,,,,,,,
1127670,2018,2018-09-24,"County Ground, New Road, Worcester",4,28.4,28.4,Yorkshire,Worcestershire,GS Ballance,JA Leaning,EG Barnard,4,0,,,,,,,,,,,,,
1127670,2018,2018-09-24,"County Ground, New Road, Worcester",4,28.5,28.5,Yorkshire,Worcestershire,GS Ballance,JA Leaning,EG Barnard,0,0,,,,,,,,,,,,,
1127670,2018,2018-09-24,"County Ground, New Road, Worcester",4,28.6,28.6,Yorkshire,Worcestershire,GS Ballance,JA Leaning,EG Barnard,1,0,,,,,,,,,,,,,
1127670,2018,2018-09-24,"County Ground, New Road, Worcester",4,29.1,29.1,Yorkshire,Worcestershire,GS Ballance,JA Leaning,BJ Twohig,0,0,,,,,,,caught,GS Ballance,,,DY Pennington,,
1127670,2018,2018-09-24,"County Ground, New Road, Worcester",4,29.2,29.2,Yorkshire,Worcestershire,JA Leaning,T Kohler-Cadmore,BJ Twohig,1,0,,,,,,,,,,,,,
1127670,2018,2018-09-24,"County Ground, New Road, Worcester",4,29.3,29.3,Yorkshire,Worcestershire,T Kohler-Cadmore,JA Leaning,BJ Twohig,0,0,,,,,,,,,,,,,
1127670,2018,2018-09-24,"County Ground, New Road, Worcester",4,29.4,29.4,Yorkshire,Worcestershire,T Kohler-Cadmore,JA Leaning,BJ Twohig,4,0,,,,,,,,,,,,,
1127670,2018,2018-09-24,"County Ground, New Road, Worcester",4,29.5,29.5,Yorkshire,Worcestershire,T Kohler-Cadmore,JA Leaning,BJ Twohig,4,0,,,,,,,,,,,,,
1127670,2018,2018-09-24,"County Ground, New Road, Worcester",4,29.6,29.6,Yorkshire,Worcestershire,T Kohler-Cadmore,JA Leaning,BJ Twohig,0,0,,,,,,,,,,,,,
1127670,2018,2018-09-24,"County Ground, New Road, Worcester",4,30.1,30.1,Yorkshire,Worcestershire,JA Leaning,T Kohler-Cadmore,EG Barnard,4,0,,,,,,,,,,,,,
